0 0.838750 0.235000 0.818750 0.235000 0.818750 0.223750 0.838750 0.223750
0 0.586346 0.274231 0.580865 0.270577 0.588365 0.259327 0.593846 0.262981
0 0.172500 0.121250 0.165000 0.121250 0.165000 0.102500 0.172500 0.102500
0 0.698942 0.090962 0.692019 0.086346 0.703942 0.068462 0.710865 0.073077
0 0.401100 0.224800 0.394500 0.216000 0.427500 0.191250 0.434100 0.200050
0 0.421405 0.226335 0.414475 0.216325 0.441840 0.197380 0.448770 0.207390
0 0.487206 0.238676 0.480735 0.237059 0.484632 0.221471 0.491103 0.223088
0 0.476250 0.235000 0.470625 0.233125 0.475375 0.218875 0.481000 0.220750
0 0.387646 0.215857 0.379467 0.204198 0.414559 0.179582 0.422738 0.191240
0 0.463036 0.234559 0.457055 0.231259 0.465801 0.215407 0.471782 0.218707
0 0.615430 0.281142 0.608297 0.277477 0.617614 0.259341 0.624747 0.263005
