0 0.746250 0.730000 0.738750 0.730000 0.738750 0.713750 0.746250 0.713750
0 0.591250 0.122500 0.585000 0.122500 0.585000 0.106250 0.591250 0.106250
0 0.791250 0.732500 0.786250 0.732500 0.786250 0.720000 0.791250 0.720000
0 0.731250 0.736250 0.725000 0.736250 0.725000 0.718750 0.731250 0.718750
0 0.922500 0.871250 0.915000 0.871250 0.915000 0.853750 0.922500 0.853750
0 0.725000 0.722500 0.713750 0.722500 0.713750 0.716250 0.725000 0.716250
0 0.837596 0.673269 0.822788 0.651058 0.832885 0.644327 0.847692 0.666538
0 0.737175 0.706475 0.735775 0.696675 0.781625 0.690125 0.783025 0.699925
0 0.728750 0.702500 0.705000 0.702500 0.705000 0.696250 0.728750 0.696250
0 0.580737 0.193951 0.579950 0.167019 0.590500 0.166711 0.591286 0.193643
0 0.721767 0.578716 0.663240 0.569037 0.665968 0.552542 0.724495 0.562221
0 0.829252 0.648899 0.808255 0.634774 0.813842 0.626469 0.834839 0.640594
