0 0.737981 0.807596 0.726442 0.790288 0.731635 0.786827 0.743173 0.804135
0 0.731360 0.811434 0.720110 0.792684 0.726176 0.789044 0.737426 0.807794
0 0.772774 0.857542 0.753755 0.840108 0.760811 0.832410 0.779830 0.849844
0 0.947318 0.988002 0.916118 0.921145 0.924398 0.917281 0.955598 0.984138
0 0.816537 0.898094 0.798709 0.876701 0.806332 0.870348 0.824160 0.891742
0 0.415385 0.339327 0.393654 0.306731 0.403461 0.300192 0.425192 0.332788
0 0.778846 0.852019 0.765961 0.832692 0.772596 0.828269 0.785481 0.847596
0 0.809986 0.911357 0.787263 0.881817 0.797351 0.874057 0.820074 0.903597
0 0.708450 0.763350 0.688350 0.736550 0.695750 0.731000 0.715850 0.757800
0 0.830470 0.939421 0.810327 0.910646 0.819723 0.904069 0.839866 0.932844
0 0.697007 0.761904 0.684912 0.742897 0.691301 0.738831 0.703397 0.757838
0 0.866168 0.879651 0.830205 0.836496 0.840410 0.827992 0.876373 0.871147
0 0.717981 0.780096 0.707019 0.763654 0.711635 0.760577 0.722596 0.777019
0 0.891926 0.905946 0.870389 0.875794 0.877247 0.870895 0.898784 0.901047
0 0.714705 0.788185 0.700305 0.767385 0.706285 0.763245 0.720685 0.784045
0 0.267688 0.139939 0.223620 0.075862 0.231986 0.070108 0.276054 0.134186
0 0.912292 0.934636 0.894366 0.908841 0.900783 0.904382 0.918708 0.930178
0 0.956819 0.984604 0.920670 0.912733 0.927384 0.909356 0.963532 0.981228
