0 0.790000 0.676250 0.757500 0.676250 0.757500 0.670000 0.790000 0.670000
0 0.742500 0.705000 0.736250 0.705000 0.736250 0.695000 0.742500 0.695000
0 0.936250 0.843750 0.930000 0.843750 0.930000 0.831250 0.936250 0.831250
0 0.738750 0.696250 0.723750 0.696250 0.723750 0.690000 0.738750 0.690000
0 0.744363 0.219271 0.738385 0.206569 0.782029 0.186030 0.788006 0.198732
0 0.795000 0.673750 0.791250 0.673750 0.791250 0.663750 0.795000 0.663750
0 0.739250 0.486000 0.728750 0.465000 0.735250 0.461750 0.745750 0.482750
0 0.733971 0.551618 0.675441 0.536985 0.677794 0.527574 0.736324 0.542206
0 0.805000 0.708750 0.797500 0.708750 0.797500 0.698750 0.805000 0.698750
0 0.596971 0.182471 0.596023 0.155912 0.605185 0.155585 0.606133 0.182144
0 0.760125 0.707875 0.753125 0.707875 0.753125 0.693750 0.760125 0.693750
0 0.772625 0.706250 0.766750 0.706250 0.766750 0.694000 0.772625 0.694000
0 0.959241 0.535760 0.951646 0.526654 0.983464 0.500113 0.991060 0.509219
