0 0.564711 0.487308 0.558942 0.483462 0.567404 0.470769 0.573173 0.474615
0 0.453250 0.462250 0.443250 0.457250 0.456000 0.431750 0.466000 0.436750
0 0.761360 0.451066 0.737463 0.436728 0.743640 0.426434 0.767537 0.440772
0 0.600250 0.493250 0.593250 0.489750 0.601250 0.473750 0.608250 0.477250
0 0.667110 0.335434 0.659912 0.330853 0.672007 0.311846 0.679206 0.316427
0 0.064201 0.126291 0.039098 0.096168 0.048320 0.088484 0.073422 0.118607
0 0.384893 0.425014 0.375953 0.418137 0.393796 0.394940 0.402737 0.401817
0 0.394896 0.438218 0.385325 0.427583 0.410532 0.404896 0.420104 0.415532
0 0.406042 0.440687 0.400427 0.432430 0.427489 0.414028 0.433104 0.422285
0 0.465268 0.464038 0.455967 0.460219 0.467610 0.431861 0.476912 0.435680
0 0.685081 0.304515 0.679015 0.301548 0.686773 0.285685 0.692840 0.288653
0 0.180399 0.025116 0.175348 0.018158 0.205625 0.000000 0.210676 0.003136
