0 0.687794 0.785074 0.649853 0.775588 0.652132 0.766471 0.690074 0.775956
0 0.636375 0.037125 0.625500 0.033500 0.635375 0.003875 0.646250 0.007500
0 0.710000 0.786250 0.696250 0.786250 0.696250 0.781250 0.710000 0.781250
0 0.747000 0.119750 0.733500 0.113000 0.749750 0.080500 0.763250 0.087250
0 0.766250 0.916250 0.740000 0.916250 0.740000 0.908750 0.766250 0.908750
0 0.844875 0.040375 0.811875 0.029375 0.814625 0.021125 0.847625 0.032125
0 0.842588 0.464723 0.836213 0.424348 0.846997 0.422645 0.853372 0.463020
0 0.709459 0.443007 0.706486 0.425169 0.749459 0.418007 0.752432 0.435845
0 0.831100 0.473950 0.824900 0.430550 0.837325 0.428775 0.843525 0.472175
0 0.814679 0.873562 0.790675 0.846128 0.798816 0.839004 0.822821 0.866438
0 0.570000 0.335000 0.563750 0.335000 0.563750 0.322500 0.570000 0.322500
0 0.624463 0.105347 0.609722 0.102064 0.623845 0.038638 0.638586 0.041921
0 0.599484 0.155732 0.591057 0.154210 0.596199 0.125747 0.604626 0.127269
0 0.566590 0.407302 0.565391 0.388592 0.575339 0.387955 0.576538 0.406665
0 0.931283 0.775558 0.926265 0.768749 0.961917 0.742480 0.966934 0.749289
