0 0.852223 0.032102 0.845852 0.026527 0.860564 0.009712 0.866936 0.015288
0 0.713425 0.345034 0.707671 0.342877 0.717791 0.315890 0.723545 0.318048
0 0.764053 0.703454 0.760005 0.687934 0.805496 0.676066 0.809544 0.691586
0 0.838000 0.051500 0.832000 0.048500 0.842250 0.028000 0.848250 0.031000
0 0.512625 0.189625 0.503625 0.186625 0.510125 0.167125 0.519125 0.170125
0 0.616345 0.317818 0.603081 0.313736 0.621243 0.254709 0.634507 0.258791
0 0.508250 0.282250 0.501250 0.261250 0.509125 0.258625 0.516125 0.279625
0 0.555000 0.676250 0.545000 0.676250 0.545000 0.658750 0.555000 0.658750
0 0.605656 0.235565 0.545721 0.204295 0.553328 0.189715 0.613263 0.220985
0 0.579958 0.783697 0.576880 0.772096 0.583012 0.770469 0.586090 0.782070
0 0.622552 0.889469 0.619021 0.879147 0.625385 0.876971 0.628916 0.887292
