0 0.597750 0.432000 0.575250 0.420750 0.579000 0.413250 0.601500 0.424500
0 0.634000 0.450750 0.611000 0.439250 0.615500 0.430250 0.638500 0.441750
0 0.886875 0.176875 0.878750 0.168750 0.898125 0.149375 0.906250 0.157500
0 0.747253 0.638353 0.733110 0.636689 0.737581 0.598686 0.751723 0.600350
0 0.620250 0.188250 0.600250 0.178250 0.604000 0.170750 0.624000 0.180750
0 0.585528 0.710041 0.575591 0.708148 0.583523 0.666504 0.593460 0.668397
0 0.613000 0.274000 0.580000 0.257500 0.584250 0.249000 0.617250 0.265500
0 0.870238 0.241239 0.859474 0.231454 0.875594 0.213722 0.886357 0.223507
0 0.690342 0.300550 0.656139 0.287249 0.658837 0.280312 0.693040 0.293613
0 0.846154 0.323269 0.840962 0.319808 0.853077 0.301635 0.858269 0.305096
0 0.654056 0.306411 0.593178 0.280538 0.596856 0.271883 0.657735 0.297756
0 0.561154 0.958269 0.558125 0.943125 0.564615 0.941827 0.567644 0.956971
0 0.651115 0.294852 0.621630 0.283512 0.624465 0.276140 0.653950 0.287481
0 0.676838 0.177080 0.630749 0.140564 0.642019 0.126341 0.688107 0.162857
0 0.618177 0.627182 0.603442 0.624314 0.613973 0.570195 0.628708 0.573063
0 0.565075 0.805641 0.556153 0.801720 0.565673 0.780063 0.574594 0.783985
