0 0.375000 0.905000 0.369375 0.899375 0.383125 0.885625 0.388750 0.891250
0 0.444246 0.947177 0.417392 0.935668 0.421013 0.927220 0.447866 0.938728
0 0.370693 0.912720 0.367230 0.907872 0.387804 0.893176 0.391267 0.898024
0 0.361598 0.897418 0.356475 0.891271 0.373811 0.876824 0.378934 0.882971
0 0.656208 0.788568 0.649129 0.784143 0.661980 0.763582 0.669059 0.768006
0 0.361189 0.903049 0.357165 0.898018 0.373323 0.885092 0.377348 0.890122
0 0.116250 0.510000 0.108125 0.501875 0.111875 0.498125 0.120000 0.506250
0 0.198744 0.576813 0.179276 0.560885 0.185347 0.553465 0.204814 0.569394
0 0.100000 0.650000 0.045625 0.595625 0.057500 0.583750 0.111875 0.638125
0 0.123212 0.508350 0.101995 0.484460 0.110051 0.477305 0.131269 0.501194
0 0.043276 0.609247 0.009239 0.566921 0.019471 0.558693 0.053508 0.601019
0 0.416523 0.935158 0.407099 0.931226 0.418494 0.903913 0.427919 0.907845
0 0.154649 0.505789 0.148072 0.498442 0.179743 0.470090 0.186319 0.477437
