0 0.613231 0.871846 0.605962 0.867692 0.614808 0.852211 0.622077 0.856365
0 0.424154 0.822757 0.419081 0.814302 0.449044 0.796324 0.454118 0.804779
0 0.282500 0.586250 0.273125 0.576875 0.278750 0.571250 0.288125 0.580625
0 0.168172 0.579540 0.129965 0.558314 0.135035 0.549186 0.173243 0.570413
0 0.030000 0.547500 0.006250 0.547500 0.006250 0.540000 0.030000 0.540000
0 0.037500 0.545000 0.031250 0.545000 0.031250 0.533750 0.037500 0.533750
0 0.037500 0.580000 0.028750 0.580000 0.028750 0.567500 0.037500 0.567500
0 0.175301 0.631761 0.174673 0.626270 0.187233 0.624834 0.187861 0.630325
0 0.411739 0.819380 0.405548 0.810376 0.435784 0.789589 0.441974 0.798593
0 0.704113 0.689341 0.697621 0.685841 0.708798 0.665109 0.715290 0.668610
