0 0.917211 0.582308 0.881442 0.558461 0.887596 0.549231 0.923365 0.573077
0 0.753750 0.548750 0.741250 0.548750 0.741250 0.543750 0.753750 0.543750
0 0.728500 0.422000 0.715750 0.417750 0.717875 0.411375 0.730625 0.415625
0 0.787500 0.578750 0.778750 0.578750 0.778750 0.566250 0.787500 0.566250
0 0.786250 0.446250 0.773125 0.433125 0.776875 0.429375 0.790000 0.442500
0 0.750662 0.580147 0.748676 0.572206 0.765147 0.568088 0.767132 0.576029
0 0.671250 0.348750 0.658750 0.348750 0.658750 0.342500 0.671250 0.342500
0 0.729500 0.569750 0.721000 0.565500 0.723750 0.560000 0.732250 0.564250
0 0.937500 0.631250 0.923750 0.631250 0.923750 0.626250 0.937500 0.626250
0 0.692770 0.554122 0.691554 0.546824 0.718108 0.542399 0.719324 0.549696
0 0.610000 0.057500 0.602500 0.057500 0.602500 0.027500 0.610000 0.027500
0 0.607915 0.028723 0.597340 0.006207 0.605847 0.002212 0.616422 0.024727
0 0.780875 0.548000 0.757000 0.548000 0.757000 0.542000 0.780875 0.542000
0 0.786957 0.546737 0.780943 0.544857 0.784382 0.533854 0.790396 0.535733
