0 0.862250 0.763000 0.855875 0.743875 0.866375 0.740375 0.872750 0.759500
0 0.629269 0.375684 0.618208 0.372524 0.626462 0.343632 0.637524 0.346792
0 0.595000 0.733750 0.590000 0.733750 0.590000 0.722500 0.595000 0.722500
0 0.618649 0.456858 0.603649 0.454358 0.613007 0.398209 0.628007 0.400709
0 0.601250 0.786250 0.582500 0.786250 0.582500 0.778750 0.601250 0.778750
0 0.600169 0.560237 0.585372 0.557770 0.597466 0.485203 0.612263 0.487669
0 0.683019 0.948978 0.655502 0.903771 0.668469 0.895878 0.695986 0.941085
0 0.580809 0.696985 0.576838 0.681103 0.585662 0.678897 0.589632 0.694780
0 0.607500 0.162500 0.590500 0.154000 0.594250 0.146500 0.611250 0.155000
0 0.655250 0.187000 0.637250 0.178000 0.640500 0.171500 0.658500 0.180500
0 0.687880 0.106529 0.618056 0.098517 0.619631 0.084786 0.689456 0.092798
0 0.647882 0.290493 0.639425 0.289106 0.643252 0.265781 0.651709 0.267168
