0 0.660000 0.390000 0.651250 0.390000 0.651250 0.363750 0.660000 0.363750
0 0.694471 0.296819 0.683328 0.293912 0.694664 0.250456 0.705808 0.253363
0 0.646030 0.478382 0.630441 0.474485 0.645882 0.412721 0.661471 0.416618
0 0.617500 0.268750 0.595000 0.253750 0.599038 0.247692 0.621538 0.262692
0 0.628971 0.529118 0.617794 0.526324 0.626691 0.490735 0.637868 0.493529
0 0.602508 0.276027 0.579474 0.263463 0.582580 0.257771 0.605613 0.270334
0 0.617302 0.550534 0.608796 0.549588 0.612576 0.515564 0.621082 0.516509
0 0.664900 0.132895 0.629881 0.119193 0.633846 0.109059 0.668865 0.122762
0 0.606838 0.778897 0.585221 0.742868 0.601029 0.733382 0.622647 0.769412
0 0.890500 0.161500 0.883500 0.158000 0.900750 0.123500 0.907750 0.127000
0 0.601448 0.808230 0.598181 0.775557 0.608329 0.774542 0.611597 0.807215
0 0.642115 0.344327 0.596538 0.313942 0.603654 0.303269 0.649231 0.333654
0 0.753234 0.139804 0.739249 0.133091 0.768066 0.073055 0.782052 0.079768
0 0.720249 0.145955 0.688571 0.129535 0.692292 0.122355 0.723971 0.138775
0 0.649681 0.113065 0.618605 0.099703 0.621271 0.093504 0.652346 0.106866
