0 0.465000 0.835000 0.460625 0.830625 0.476250 0.815000 0.480625 0.819375
0 0.467500 0.786250 0.460625 0.779375 0.478750 0.761250 0.485625 0.768125
0 0.716000 0.690500 0.709500 0.687250 0.719500 0.667250 0.726000 0.670500
0 0.411154 0.811731 0.404231 0.801346 0.433654 0.781731 0.440577 0.792115
0 0.630809 0.878235 0.624375 0.874375 0.633640 0.858934 0.640073 0.862794
0 0.419926 0.821544 0.414522 0.812537 0.437868 0.798529 0.443272 0.807537
0 0.598750 0.861250 0.595288 0.856058 0.607404 0.847981 0.610865 0.853173
0 0.463029 0.830495 0.456149 0.825680 0.469480 0.806636 0.476359 0.811451
0 0.318689 0.570676 0.302193 0.550881 0.308094 0.545963 0.324590 0.565758
0 0.007623 0.552215 0.007115 0.543077 0.049762 0.540708 0.050269 0.549846
0 0.181695 0.411730 0.158553 0.382172 0.164962 0.377154 0.188105 0.406712
0 0.380716 0.744209 0.348066 0.741370 0.348590 0.735345 0.381239 0.738184
0 0.380067 0.754401 0.349147 0.751033 0.350164 0.741697 0.381083 0.745065
