0 0.000350 0.936091 0.000000 0.912781 0.077493 0.885639 0.084969 0.908948
0 0.418750 0.012500 0.380000 0.012500 0.380000 0.000000 0.418750 0.000000
0 0.396716 0.273086 0.381629 0.248302 0.456102 0.202971 0.471188 0.227755
0 0.998750 0.187500 0.987500 0.187500 0.987500 0.166250 0.998750 0.166250
0 0.817178 0.651770 0.803264 0.636465 0.853037 0.591216 0.866951 0.606521
0 0.659042 0.972299 0.641778 0.947265 0.717170 0.895271 0.734434 0.920304
0 0.406593 0.725799 0.389632 0.702271 0.462165 0.649980 0.479127 0.673507
0 0.060337 0.562933 0.056875 0.545625 0.124663 0.532067 0.128125 0.549375
0 0.534996 0.493945 0.519095 0.469138 0.580952 0.429486 0.596854 0.454292
0 0.734007 0.085404 0.717846 0.060007 0.795654 0.010493 0.811816 0.035890
