0 0.790003 0.111831 0.661540 0.058565 0.673956 0.028622 0.802419 0.081887
0 0.476375 0.972125 0.444500 0.961500 0.515250 0.749250 0.547125 0.759875
0 0.625184 0.037305 0.529885 0.008716 0.536112 0.000000 0.631411 0.016548
0 0.582135 0.770423 0.553212 0.766808 0.555039 0.752192 0.583962 0.755808
0 0.928000 0.959750 0.923500 0.950750 0.950000 0.937500 0.954500 0.946500
0 0.774500 1.000000 0.757500 0.998750 0.838000 0.952750 0.855000 0.982500
0 0.941250 0.977500 0.937404 0.971731 0.959327 0.957115 0.963173 0.962885
0 0.949515 0.996309 0.944132 0.990029 0.965132 0.972029 0.970515 0.978309
0 0.945673 0.987885 0.939519 0.978654 0.968654 0.959231 0.974808 0.968462
0 0.346647 0.229503 0.304404 0.196533 0.314365 0.183772 0.356607 0.216741
0 0.665426 0.409853 0.646998 0.352296 0.661645 0.347606 0.680073 0.405164
0 0.711623 0.532183 0.680982 0.440678 0.700447 0.434160 0.731088 0.525665
0 0.470028 0.357317 0.409164 0.308805 0.418053 0.297652 0.478917 0.346164
