0 0.880184 0.502029 0.870471 0.493934 0.887070 0.474016 0.896783 0.482111
0 0.846263 0.470284 0.835825 0.465644 0.850103 0.433518 0.860541 0.438157
0 0.938700 0.535350 0.915150 0.503950 0.924750 0.496750 0.948300 0.528150
0 0.913700 0.489100 0.887750 0.454500 0.895950 0.448350 0.921900 0.482950
0 0.648689 0.148049 0.635152 0.131128 0.642317 0.125396 0.655854 0.142317
0 0.733624 0.207516 0.698760 0.180576 0.706869 0.170081 0.741733 0.197021
0 0.695201 0.227111 0.679163 0.198243 0.691793 0.191226 0.707830 0.220094
0 0.733750 0.337500 0.723125 0.326875 0.756250 0.293750 0.766875 0.304375
0 0.630291 0.122016 0.602570 0.086432 0.611231 0.079685 0.638951 0.115270
0 0.751510 0.339366 0.741979 0.330431 0.772289 0.298100 0.781819 0.307035
0 0.836454 0.438308 0.810764 0.419893 0.817972 0.409837 0.843663 0.428252
