0 0.337241 0.334353 0.250172 0.116681 0.280345 0.104612 0.367414 0.322284
0 0.998692 0.300263 0.904962 0.279587 0.911145 0.251558 1.000000 0.272233
0 0.874364 0.259463 0.794372 0.237799 0.800878 0.213779 0.880869 0.235444
0 0.493209 0.293553 0.471873 0.281494 0.534568 0.170571 0.555904 0.182631
0 0.654039 0.893310 0.611831 0.881056 0.616441 0.865176 0.658649 0.877430
0 0.534712 0.953942 0.500250 0.934250 0.504865 0.926173 0.539327 0.945865
0 0.269155 0.092432 0.247280 0.076807 0.310287 0.000000 0.332162 0.004223
0 0.964691 0.723604 0.862758 0.614065 0.887964 0.590610 0.989896 0.700149
0 0.593712 0.468192 0.580923 0.460885 0.609154 0.411481 0.621942 0.418788
0 0.822867 0.931212 0.746669 0.897684 0.757599 0.872843 0.833797 0.906371
0 0.524800 0.962350 0.507800 0.949600 0.513500 0.942000 0.530500 0.954750
0 0.046404 0.166841 0.000000 0.102647 0.000348 0.083565 0.065271 0.147759
