0 0.253999 0.304553 0.169983 0.274548 0.179231 0.248654 0.263247 0.278659
0 0.348506 0.549055 0.338598 0.541128 0.356037 0.519329 0.365945 0.527256
0 0.214426 0.718811 0.129795 0.617254 0.147008 0.602910 0.231639 0.704467
0 0.069055 0.929040 0.000000 0.895159 0.007539 0.872886 0.079536 0.906767
0 0.557793 0.917756 0.527588 0.878490 0.539489 0.869336 0.569693 0.908601
0 0.144000 0.799500 0.124500 0.789750 0.130250 0.778250 0.149750 0.788000
0 0.693442 0.907539 0.691865 0.894923 0.731865 0.889923 0.733442 0.902539
0 0.570000 0.997500 0.555577 0.987885 0.561538 0.978942 0.575961 0.988558
0 0.122973 0.262838 0.044709 0.238757 0.049493 0.223209 0.127757 0.247291
0 0.188632 0.546334 0.182297 0.537466 0.207128 0.519730 0.213463 0.528598
0 0.114115 0.243471 0.054150 0.224237 0.057148 0.214892 0.117113 0.234126
0 0.382236 0.504703 0.368351 0.495318 0.423803 0.413279 0.437688 0.422664
0 0.758072 0.898535 0.756425 0.887496 0.789933 0.882497 0.791580 0.893537
