0 0.916036 0.743279 0.760730 0.617555 0.788122 0.583717 0.943428 0.709442
0 0.973276 0.486940 0.952155 0.477888 0.994828 0.378319 1.000000 0.387371
0 0.873790 0.286175 0.849713 0.273211 0.918951 0.144627 0.943027 0.157592
0 0.788327 0.419056 0.762969 0.405007 0.830868 0.282457 0.856226 0.296507
0 0.892194 0.560795 0.770582 0.442224 0.795965 0.416190 0.917576 0.534762
0 0.467087 0.094610 0.351846 0.005709 0.375232 0.000000 0.490473 0.064294
0 0.695232 0.558620 0.599293 0.471403 0.623331 0.444960 0.719270 0.532178
0 0.106297 0.055612 0.022855 0.020174 0.030381 0.002455 0.113823 0.037893
0 0.079787 0.024356 0.021737 0.007838 0.026420 0.000000 0.084470 0.007898
0 0.785585 0.144410 0.772562 0.132664 0.831880 0.066898 0.844903 0.078644
