0 0.389750 0.792000 0.385500 0.783500 0.416500 0.768000 0.420750 0.776500
0 0.155515 0.446855 0.136570 0.419490 0.144435 0.414045 0.163380 0.441410
0 0.383942 0.737211 0.374423 0.730865 0.389423 0.708365 0.398942 0.714711
0 0.256538 0.563558 0.235961 0.532692 0.245769 0.526154 0.266346 0.557019
0 0.537981 0.958654 0.505961 0.937308 0.511538 0.928942 0.543558 0.950288
0 0.327500 0.650000 0.313125 0.635625 0.319375 0.629375 0.333750 0.643750
0 0.258465 0.941597 0.221832 0.937933 0.223292 0.923329 0.259926 0.926993
0 0.402244 0.718605 0.375021 0.688356 0.384206 0.680090 0.411430 0.710338
0 0.248818 0.954492 0.200149 0.941684 0.203258 0.929870 0.251927 0.942678
0 0.531311 0.757152 0.504937 0.727262 0.513908 0.719346 0.540282 0.749236
0 0.605192 1.000000 0.598846 0.997019 0.619615 0.983173 0.625961 0.992692
0 0.389250 0.779750 0.384250 0.769750 0.406250 0.758750 0.411250 0.768750
0 0.163270 0.441362 0.142404 0.412310 0.151462 0.405804 0.172328 0.434856
0 0.132219 0.400318 0.105445 0.362023 0.114665 0.355577 0.141439 0.393872
0 0.053966 0.298950 0.027329 0.264750 0.035709 0.258223 0.062346 0.292423
