0 0.221875 0.548125 0.213125 0.539375 0.232500 0.520000 0.241250 0.528750
0 0.571993 0.908209 0.569730 0.894628 0.607432 0.888345 0.609696 0.901926
0 0.631942 0.898038 0.630365 0.885423 0.665289 0.881058 0.666866 0.893673
0 0.685865 0.893173 0.681635 0.886827 0.696058 0.877212 0.700288 0.883558
0 0.444150 0.997800 0.430750 0.987750 0.437800 0.978350 0.451200 0.988400
0 0.129672 0.304529 0.045471 0.275986 0.053091 0.253506 0.137293 0.282048
0 0.258302 0.505602 0.243227 0.495457 0.298554 0.413249 0.313629 0.423394
0 0.090200 0.721643 0.000000 0.611441 0.014870 0.596546 0.107853 0.706749
0 0.433899 0.917803 0.403458 0.879059 0.414428 0.870441 0.444868 0.909184
0 0.062943 0.545647 0.056392 0.537657 0.082136 0.516551 0.088687 0.524542
