0 0.069313 0.316098 0.000000 0.245569 0.011663 0.229379 0.084904 0.299908
0 0.000418 0.439008 0.000000 0.427892 0.027935 0.353825 0.045998 0.364941
0 0.433320 0.726516 0.424344 0.719037 0.441557 0.698381 0.450533 0.705861
0 0.588279 0.726434 0.581721 0.718566 0.603729 0.700225 0.610287 0.708094
0 0.183692 0.448348 0.172057 0.441504 0.201266 0.391848 0.212902 0.398692
0 0.165500 0.475250 0.158500 0.471750 0.166500 0.455750 0.173500 0.459250
0 0.086500 0.644500 0.076000 0.639250 0.097000 0.597250 0.107500 0.602500
0 0.313143 0.952389 0.250852 0.933464 0.256048 0.916361 0.318339 0.935285
0 0.335946 0.978246 0.238671 0.945000 0.244656 0.927488 0.341931 0.960734
0 0.484674 0.882038 0.469680 0.871081 0.542470 0.771474 0.557464 0.782431
