0 0.879000 0.750750 0.871308 0.737289 0.917481 0.710904 0.925173 0.724366
0 0.735000 0.810000 0.731250 0.802500 0.744750 0.795750 0.748500 0.803250
0 0.719267 0.456293 0.662112 0.313405 0.683017 0.305043 0.740172 0.447931
0 0.870250 0.710500 0.865500 0.701000 0.889500 0.689000 0.894250 0.698500
0 0.604495 0.162661 0.582368 0.106491 0.596632 0.100872 0.618759 0.157042
0 0.652981 0.281154 0.617034 0.194882 0.633454 0.188040 0.669401 0.274312
0 0.500566 0.334481 0.493774 0.310708 0.502689 0.308160 0.509481 0.331934
0 0.500594 0.436888 0.492640 0.432819 0.508667 0.401485 0.516621 0.405554
0 0.716213 0.787220 0.711441 0.777982 0.741702 0.762350 0.746475 0.771589
0 0.409375 0.111908 0.350723 0.062082 0.361272 0.049665 0.419924 0.099490
