0 0.492500 0.278750 0.465000 0.278750 0.465000 0.270000 0.492500 0.270000
0 0.940588 0.227647 0.936728 0.221213 0.958787 0.207978 0.962647 0.214412
0 0.702333 0.735318 0.636282 0.715892 0.641477 0.698228 0.707528 0.717655
0 0.821500 0.773250 0.781000 0.753000 0.787500 0.740000 0.828000 0.760250
0 0.855345 0.802888 0.770431 0.768923 0.776810 0.752974 0.861724 0.786940
0 0.581442 0.021538 0.554038 0.016058 0.556442 0.004038 0.583846 0.009519
0 0.792125 0.764875 0.769625 0.757375 0.772875 0.747625 0.795375 0.755125
0 0.734750 0.289500 0.720750 0.261500 0.839250 0.202250 0.853250 0.230250
0 0.783151 0.311319 0.780325 0.303784 0.807312 0.293664 0.810137 0.301199
0 0.928250 0.209000 0.924250 0.201000 0.949750 0.188250 0.953750 0.196250
0 0.479934 0.223422 0.444855 0.211790 0.515660 0.000000 0.550739 0.009892
0 0.944228 0.235812 0.939251 0.226495 0.969606 0.210281 0.974583 0.219598
0 0.950752 0.246808 0.945170 0.241137 0.966043 0.220591 0.971625 0.226262
