0 0.779808 0.664712 0.770673 0.662885 0.775961 0.636442 0.785096 0.638269
0 0.654037 0.823421 0.643878 0.816848 0.663262 0.786890 0.673421 0.793463
0 0.405625 0.880625 0.375000 0.850000 0.385000 0.840000 0.415625 0.870625
0 0.169643 0.406891 0.153070 0.397654 0.212119 0.291714 0.228691 0.300951
0 0.162265 0.143899 0.148787 0.132871 0.191782 0.080322 0.205260 0.091349
0 0.161300 0.399650 0.152375 0.398375 0.157800 0.360400 0.166725 0.361675
0 0.273926 0.553746 0.145871 0.441881 0.163981 0.421150 0.292036 0.533014
0 0.345589 0.483990 0.323051 0.470842 0.399216 0.340272 0.421755 0.353420
0 0.278710 0.721950 0.141685 0.612621 0.162625 0.586377 0.299650 0.695705
0 0.070625 0.556875 0.000000 0.467500 0.001875 0.446875 0.091250 0.536250
0 0.556360 0.686066 0.543309 0.678235 0.574081 0.626949 0.587132 0.634779
0 0.654926 0.894706 0.641324 0.886544 0.668015 0.842059 0.681618 0.850221
0 0.519878 0.752690 0.509328 0.745907 0.537067 0.702757 0.547617 0.709540
0 0.718915 0.741203 0.696097 0.728526 0.753998 0.624304 0.776816 0.636981
0 0.251016 0.284826 0.225177 0.271370 0.291700 0.143622 0.317540 0.157078
0 0.921513 0.694179 0.805721 0.651352 0.815819 0.624050 0.931611 0.666877
0 0.697588 0.789148 0.683206 0.781638 0.704257 0.741325 0.718639 0.748835
