0 0.243534 0.535086 0.237759 0.520647 0.282155 0.502888 0.287931 0.517328
0 0.013603 0.386912 0.006544 0.358677 0.017721 0.355882 0.024779 0.384118
0 0.152424 0.385258 0.128959 0.310169 0.150454 0.303452 0.173919 0.378541
0 0.396250 0.998750 0.355000 0.998750 0.355000 0.976250 0.396250 0.976250
0 0.383405 0.507112 0.375647 0.489009 0.420302 0.469871 0.428060 0.487974
0 0.252224 0.572375 0.244461 0.556295 0.301371 0.528821 0.309133 0.544901
0 0.031009 0.107408 0.000000 0.003233 0.020323 0.000000 0.053871 0.100046
0 0.085500 0.616000 0.078750 0.602500 0.139750 0.572000 0.146500 0.585500
0 0.105788 0.638733 0.099281 0.624418 0.147217 0.602628 0.153724 0.616943
0 0.092140 0.263164 0.040071 0.125334 0.068147 0.114728 0.120216 0.252557
0 0.379555 0.467344 0.375791 0.459604 0.400508 0.447584 0.404272 0.455324
