0 0.324000 0.993250 0.227000 0.944750 0.240250 0.918250 0.337250 0.966750
0 0.682010 1.000000 0.543591 0.884415 0.563120 0.864105 0.701538 0.997200
0 0.389520 0.402960 0.374806 0.375453 0.454346 0.332908 0.469060 0.360416
0 0.260962 0.468558 0.255423 0.458865 0.280058 0.444788 0.285596 0.454481
0 0.261373 0.497943 0.257605 0.489868 0.284430 0.477349 0.288198 0.485424
0 0.207899 0.935519 0.114820 0.900424 0.124121 0.875755 0.217200 0.910850
0 0.120845 0.887432 0.109899 0.885608 0.115845 0.849932 0.126791 0.851757
0 0.315074 0.246693 0.287927 0.176249 0.302601 0.170595 0.329748 0.241039
0 0.540190 0.370220 0.534597 0.356068 0.582286 0.337223 0.587878 0.351375
0 0.522369 0.872222 0.394186 0.761311 0.414327 0.738033 0.542511 0.848943
0 0.542369 0.332104 0.537522 0.325361 0.556288 0.311873 0.561134 0.318616
