0 0.780013 0.711661 0.771797 0.694598 0.825241 0.668866 0.833456 0.685928
0 0.601239 0.810265 0.584993 0.777150 0.698388 0.721522 0.714633 0.754637
0 0.155294 0.972573 0.000000 0.932132 0.001765 0.899191 0.163529 0.939632
0 0.622445 0.425474 0.559234 0.251642 0.587235 0.241460 0.650447 0.415292
0 0.680387 0.521138 0.648251 0.449725 0.666754 0.441398 0.698890 0.512812
0 0.904000 0.647000 0.898250 0.629750 0.945875 0.613875 0.951625 0.631125
0 0.613461 0.749069 0.598372 0.722244 0.662763 0.686024 0.677852 0.712849
0 0.314895 0.072269 0.254585 0.020462 0.266110 0.007046 0.326420 0.058853
0 0.770273 0.674460 0.765380 0.665791 0.795282 0.648913 0.800175 0.657583
0 0.471586 0.022711 0.464414 0.000299 0.473398 0.000000 0.480570 0.019836
0 0.909305 0.607436 0.904496 0.600565 0.923632 0.587170 0.928441 0.594041
