0 0.276422 0.179569 0.269310 0.176724 0.277414 0.156466 0.284526 0.159310
0 0.695625 0.420625 0.689375 0.414375 0.703750 0.400000 0.710000 0.406250
0 0.590441 0.579265 0.574081 0.569449 0.626581 0.481949 0.642941 0.491765
0 0.533750 0.422500 0.527500 0.416250 0.545000 0.398750 0.551250 0.405000
0 0.123451 0.835520 0.098230 0.813451 0.104347 0.806460 0.129569 0.828529
0 0.255750 0.194750 0.247250 0.190500 0.258250 0.168500 0.266750 0.172750
0 0.186050 0.341100 0.175850 0.333450 0.207950 0.290650 0.218150 0.298300
0 0.245347 0.769671 0.209717 0.756715 0.213951 0.745073 0.249580 0.758029
0 0.497941 0.765735 0.478824 0.760956 0.499191 0.679485 0.518309 0.684265
0 0.269802 0.171110 0.265344 0.167994 0.277828 0.150133 0.282286 0.153248
0 0.976650 0.804121 0.936507 0.796401 0.939412 0.781294 0.979555 0.789014
0 0.916437 0.889110 0.902157 0.888638 0.903151 0.858613 0.917431 0.859086
0 0.417473 0.806799 0.348056 0.781403 0.356628 0.757972 0.426046 0.783369
