0 0.645000 0.672500 0.553750 0.672500 0.553750 0.638750 0.645000 0.638750
0 0.833503 0.251490 0.745750 0.220968 0.754857 0.194787 0.842610 0.225310
0 0.413897 0.419338 0.402868 0.412721 0.434081 0.360699 0.445110 0.367316
0 0.302774 0.347470 0.255823 0.309909 0.269604 0.292683 0.316555 0.330244
0 0.479087 0.272711 0.458862 0.260070 0.531685 0.143553 0.551910 0.156194
0 0.718402 0.849741 0.701286 0.845176 0.727220 0.747925 0.744336 0.752490
0 0.831967 0.623537 0.815135 0.611171 0.879354 0.523760 0.896187 0.536127
0 0.036344 0.070920 0.000000 0.020434 0.004410 0.000000 0.059486 0.045675
0 0.649250 0.877250 0.575375 0.852625 0.585250 0.823000 0.659125 0.847625
0 0.018431 0.719316 0.000000 0.710994 0.000146 0.698348 0.023029 0.706670
0 0.389342 0.073314 0.318750 0.000000 0.335503 0.000000 0.406096 0.057183
0 0.759264 0.508002 0.747715 0.498512 0.774383 0.466057 0.785932 0.475547
0 0.175967 0.394728 0.147780 0.369858 0.157017 0.359390 0.185203 0.384260
0 0.907530 0.518531 0.899925 0.512588 0.916026 0.491985 0.923631 0.497928
0 0.783189 0.649535 0.711195 0.582088 0.722912 0.569581 0.794906 0.637028
