0 0.949307 0.513970 0.932399 0.501892 0.991689 0.418885 1.000000 0.430963
0 0.895800 0.595600 0.886400 0.588550 0.902150 0.567550 0.911550 0.574600
0 0.547978 0.511287 0.537868 0.505220 0.562904 0.463493 0.573015 0.469559
0 0.168110 0.167988 0.074817 0.093354 0.088354 0.076433 0.181646 0.151067
0 0.226385 0.121055 0.214035 0.112505 0.256695 0.050885 0.269045 0.059435
0 0.096827 0.027885 0.085577 0.020385 0.103654 0.000000 0.114904 0.000769
0 0.156731 0.827404 0.128750 0.808750 0.137596 0.795481 0.165577 0.814135
0 0.478125 0.134375 0.428125 0.084375 0.445000 0.067500 0.495000 0.117500
0 0.603414 0.940433 0.565673 0.932885 0.568510 0.918702 0.606250 0.926250
0 0.796250 0.298750 0.766250 0.298750 0.766250 0.287500 0.796250 0.287500
0 0.848137 0.958396 0.831462 0.953632 0.862547 0.844835 0.879222 0.849599
0 0.828391 0.313589 0.792129 0.309963 0.793193 0.299319 0.829455 0.302946
0 0.781196 0.283665 0.708781 0.251873 0.714706 0.238377 0.787121 0.270169
0 0.519819 0.177251 0.479476 0.136573 0.494098 0.122072 0.534440 0.162750
0 0.471524 0.477256 0.393639 0.409562 0.407701 0.393383 0.485586 0.461077
0 0.808200 0.845599 0.747777 0.819353 0.755533 0.801497 0.815956 0.827743
