0 0.513032 0.300317 0.430964 0.205118 0.450374 0.188384 0.532443 0.283584
0 0.893125 0.719375 0.885625 0.711875 0.905000 0.692500 0.912500 0.700000
0 0.949810 0.640264 0.931963 0.627413 0.991638 0.544530 1.000000 0.557380
0 0.156731 0.952404 0.128173 0.933365 0.136635 0.920673 0.165192 0.939711
0 0.815434 0.974390 0.746187 0.946178 0.754340 0.926166 0.823587 0.954378
0 0.168502 0.294975 0.076564 0.219454 0.092133 0.200502 0.184071 0.276022
0 0.125192 0.094712 0.105865 0.081827 0.147596 0.019231 0.166923 0.032115
0 0.098125 0.153125 0.082132 0.143529 0.113897 0.090588 0.129890 0.100184
0 0.470430 0.600984 0.391988 0.535615 0.407664 0.516803 0.486106 0.582172
0 0.227015 0.248661 0.213223 0.239275 0.256379 0.175867 0.270170 0.185253
0 0.779006 0.416984 0.703307 0.384725 0.712014 0.364292 0.787713 0.396552
0 0.548468 0.637719 0.539275 0.632645 0.563088 0.589502 0.572280 0.594576
0 0.861282 0.999319 0.859280 0.963637 0.871812 0.962934 0.873813 0.998616
