0 0.488164 1.000000 0.373491 0.925603 0.399353 0.896509 0.514026 0.998440
0 0.065500 0.209750 0.054750 0.188250 0.062250 0.184500 0.073000 0.206000
0 0.286541 0.694954 0.281034 0.683092 0.325766 0.662323 0.331274 0.674186
0 0.432750 0.589250 0.427250 0.578250 0.453250 0.565250 0.458750 0.576250
0 0.443906 0.626347 0.436395 0.614142 0.482216 0.585944 0.489726 0.598149
0 0.497500 0.745000 0.489375 0.736875 0.512500 0.713750 0.520625 0.721875
0 0.281205 0.338629 0.220632 0.177595 0.248581 0.167082 0.309154 0.328116
0 0.203262 0.121309 0.176228 0.062973 0.189279 0.056925 0.216313 0.115261
0 0.170009 0.040714 0.152668 0.000988 0.166877 0.000000 0.184217 0.034512
0 0.272080 0.672389 0.265819 0.660642 0.315763 0.634021 0.322024 0.645768
0 0.563045 0.524973 0.559312 0.517581 0.582365 0.505938 0.586098 0.513331
