0 0.830957 0.280771 0.805923 0.267710 0.879385 0.126908 0.904419 0.139968
0 0.378262 0.108724 0.267563 0.005284 0.290716 0.000000 0.401416 0.083946
0 0.998750 0.283750 0.991250 0.283750 0.991250 0.242500 0.998750 0.242500
0 0.943091 0.423010 0.932431 0.417271 0.956032 0.373440 0.966692 0.379180
0 0.827193 0.896698 0.768255 0.879858 0.771556 0.868302 0.830495 0.885142
0 0.842851 0.519438 0.824087 0.507711 0.863202 0.445126 0.881966 0.456854
0 0.998691 0.850167 0.959883 0.836584 0.964346 0.823834 1.000000 0.837416
0 0.911906 0.083345 0.829557 0.004373 0.846925 0.000000 0.929274 0.065234
0 0.841727 0.364043 0.791403 0.315871 0.804698 0.301982 0.855023 0.350153
0 0.542135 0.733463 0.520347 0.715488 0.528678 0.705389 0.550467 0.723364
