0 0.378125 0.354375 0.260625 0.236875 0.283750 0.213750 0.401250 0.331250
0 0.573201 0.212439 0.519665 0.145518 0.544207 0.125884 0.597744 0.192805
0 0.444250 0.314000 0.423250 0.303500 0.463250 0.223500 0.484250 0.234000
0 0.767000 0.692250 0.752500 0.685000 0.775750 0.638500 0.790250 0.645750
0 0.992500 0.998750 0.925000 0.998750 0.925000 0.966250 0.992500 0.966250
0 0.367441 1.000000 0.335553 0.985164 0.341600 0.975396 0.373488 0.995135
0 0.329500 0.973500 0.298500 0.958000 0.303250 0.948500 0.334250 0.964000
0 0.134865 0.172939 0.115203 0.054966 0.134459 0.051757 0.154122 0.169730
0 0.334392 0.485220 0.227111 0.410449 0.244809 0.385056 0.352090 0.459828
0 0.331518 0.140186 0.314679 0.130503 0.354327 0.061551 0.371166 0.071233
0 0.280867 0.220456 0.264864 0.210999 0.305327 0.142523 0.321330 0.151979
