0 0.950000 0.652500 0.903750 0.606250 0.916875 0.593125 0.963125 0.639375
0 0.813257 0.643773 0.794360 0.626556 0.857102 0.557693 0.875999 0.574910
0 0.485625 0.583125 0.413125 0.510625 0.431250 0.492500 0.503750 0.565000
0 0.680767 1.000000 0.653871 0.976698 0.665509 0.966353 0.692405 0.996612
0 0.661678 1.000000 0.618364 0.962444 0.630523 0.951096 0.673836 0.997503
0 0.875965 0.844995 0.855360 0.830730 0.898200 0.768850 0.918805 0.783115
0 0.848456 0.902574 0.831912 0.892647 0.864338 0.838603 0.880882 0.848530
0 0.301623 0.417459 0.221097 0.345978 0.239323 0.325445 0.319850 0.396926
0 0.414555 0.512432 0.326619 0.438381 0.344170 0.417540 0.432105 0.491591
0 0.046754 0.035753 0.041072 0.024906 0.077375 0.005891 0.083056 0.016737
