0 0.836897 0.952241 0.796013 0.934720 0.801897 0.920991 0.842780 0.938513
0 0.830984 0.388711 0.811412 0.376514 0.887792 0.253950 0.907365 0.266147
0 0.510184 0.046360 0.492537 0.035772 0.520221 0.000000 0.537868 0.000221
0 0.896360 0.337316 0.888824 0.332794 0.907022 0.302463 0.914559 0.306985
0 0.376875 0.123125 0.362500 0.108750 0.370000 0.101250 0.384375 0.115625
0 0.998060 0.294224 0.941164 0.271465 0.948664 0.252715 1.000000 0.275474
0 0.018507 0.043650 0.000000 0.009757 0.003186 0.000000 0.032843 0.031106
0 0.447602 0.396127 0.288381 0.263443 0.316762 0.229385 0.475984 0.362070
0 0.694350 0.481341 0.607308 0.402212 0.622410 0.385600 0.709451 0.464729
0 0.236177 0.231821 0.136639 0.129148 0.155185 0.111168 0.254723 0.213841
0 0.660207 0.382245 0.636825 0.369173 0.700455 0.255361 0.723836 0.268433
0 0.776247 0.522341 0.765956 0.515266 0.797085 0.469988 0.807375 0.477063
0 0.530909 0.494220 0.510310 0.476563 0.515830 0.470124 0.536429 0.487780
0 0.998750 0.933750 0.920069 0.901525 0.930022 0.877222 1.000000 0.909446
