0 0.164412 0.343897 0.158897 0.321838 0.167132 0.319779 0.172647 0.341838
0 0.123597 0.430074 0.104387 0.415297 0.110102 0.407867 0.129312 0.422644
0 0.014250 0.497250 0.005250 0.479250 0.011750 0.476000 0.020750 0.494000
0 0.031530 0.523987 0.024677 0.507996 0.030560 0.505474 0.037414 0.521466
0 0.087500 0.330000 0.074750 0.304500 0.084750 0.299500 0.097500 0.325000
0 0.022010 0.362048 0.011106 0.348029 0.017337 0.343183 0.028240 0.357202
0 0.095000 0.075000 0.077500 0.075000 0.077500 0.067500 0.095000 0.067500
0 0.006250 0.362500 0.000000 0.362500 0.000000 0.350000 0.006250 0.350000
0 0.023750 0.211250 0.012500 0.211250 0.012500 0.192500 0.023750 0.192500
0 0.050066 0.518140 0.036684 0.497110 0.042993 0.493096 0.056375 0.514125
0 0.115549 0.606311 0.105061 0.593201 0.111768 0.587835 0.122256 0.600945
0 0.162561 0.785676 0.147316 0.772971 0.151926 0.767438 0.167172 0.780143
0 0.051397 0.243088 0.046544 0.223676 0.053897 0.221838 0.058750 0.241250
0 0.071073 0.270932 0.063172 0.256710 0.069116 0.253408 0.077017 0.267630
0 0.043931 0.396561 0.030874 0.374177 0.038413 0.369780 0.051470 0.392163
0 0.026250 0.080000 0.018750 0.080000 0.018750 0.058750 0.026250 0.058750
0 0.060000 0.042500 0.048750 0.042500 0.048750 0.026250 0.060000 0.026250
0 0.023750 0.616250 0.004712 0.603558 0.011250 0.593750 0.030288 0.606442
0 0.036250 0.285000 0.030000 0.285000 0.030000 0.262500 0.036250 0.262500
0 0.001618 0.467279 0.000000 0.448088 0.005162 0.446353 0.009426 0.465544
0 0.006250 0.336250 0.000000 0.336250 0.000000 0.315000 0.006250 0.315000
0 0.066098 0.462622 0.049024 0.441280 0.056494 0.435305 0.073567 0.456646
0 0.070263 0.158069 0.054073 0.157231 0.054462 0.149697 0.070653 0.150535
0 0.073188 0.362368 0.059518 0.345417 0.066936 0.339435 0.080606 0.356386
0 0.082366 0.357283 0.064266 0.335594 0.070519 0.330375 0.088619 0.352064
0 0.089170 0.352301 0.075610 0.336088 0.081122 0.331477 0.094682 0.347691
