0 0.680000 0.763750 0.667500 0.751250 0.672500 0.746250 0.685000 0.758750
0 0.729632 0.853529 0.724853 0.834412 0.731618 0.832721 0.736397 0.851838
0 0.724939 0.768074 0.707357 0.753422 0.711762 0.748135 0.729344 0.762787
0 0.856281 0.872226 0.840915 0.853018 0.848079 0.847287 0.863445 0.866494
0 0.981527 0.079293 0.980932 0.072756 0.998740 0.071137 0.999334 0.077674
0 0.591250 0.697500 0.585000 0.691250 0.588750 0.687500 0.595000 0.693750
0 0.331250 0.352500 0.323750 0.352500 0.323750 0.335000 0.331250 0.335000
0 0.704712 0.727692 0.691442 0.707788 0.697212 0.703942 0.710481 0.723846
0 0.700570 0.795101 0.686888 0.775554 0.693263 0.771091 0.706946 0.790638
0 0.792750 0.880750 0.779100 0.862550 0.784500 0.858500 0.798150 0.876700
0 0.549050 0.795400 0.538250 0.781000 0.543250 0.777250 0.554050 0.791650
0 0.787000 0.887250 0.770800 0.865650 0.777800 0.860400 0.794000 0.882000
0 0.737350 0.914800 0.727300 0.901400 0.733700 0.896600 0.743750 0.910000
0 0.824850 0.951050 0.812250 0.934250 0.818050 0.929900 0.830650 0.946700
0 0.762000 0.905250 0.754000 0.889250 0.760000 0.886250 0.768000 0.902250
0 0.804484 0.968660 0.795979 0.946546 0.801759 0.944324 0.810264 0.966437
0 0.833750 0.245000 0.803750 0.245000 0.803750 0.237500 0.833750 0.237500
0 0.770971 0.231409 0.742367 0.229365 0.742811 0.223147 0.771415 0.225190
0 0.788125 0.968125 0.775625 0.955625 0.780625 0.950625 0.793125 0.963125
0 0.788064 0.910609 0.776729 0.891179 0.781470 0.888413 0.792804 0.907843
0 0.785000 0.991250 0.771875 0.978125 0.776250 0.973750 0.789375 0.986875
0 0.910000 0.255000 0.881250 0.255000 0.881250 0.246250 0.910000 0.246250
0 0.835750 0.302750 0.815904 0.300269 0.816981 0.291654 0.836827 0.294135
0 0.473750 0.621250 0.464375 0.611875 0.470625 0.605625 0.480000 0.615000
0 0.667277 0.247228 0.647104 0.245210 0.647809 0.238156 0.667983 0.240173
0 0.451250 0.631250 0.445000 0.625000 0.448750 0.621250 0.455000 0.627500
0 0.680000 0.718750 0.668750 0.707500 0.673125 0.703125 0.684375 0.714375
0 0.752206 0.807426 0.741728 0.789963 0.748529 0.785882 0.759007 0.803346
0 0.759878 0.872348 0.749756 0.859695 0.754482 0.855915 0.764604 0.868567
0 0.726875 0.823125 0.712500 0.808750 0.718125 0.803125 0.732500 0.817500
0 0.834375 0.904375 0.816875 0.886875 0.821875 0.881875 0.839375 0.899375
0 0.611500 0.646750 0.603500 0.630750 0.609500 0.627750 0.617500 0.643750
0 0.680625 0.741875 0.669375 0.730625 0.674375 0.725625 0.685625 0.736875
0 0.653750 0.663750 0.638750 0.648750 0.643750 0.643750 0.658750 0.658750
0 0.650000 0.740000 0.633125 0.723125 0.638125 0.718125 0.655000 0.735000
0 0.767561 0.840574 0.750451 0.820041 0.756844 0.814713 0.773955 0.835246
0 0.733650 0.883200 0.723600 0.869800 0.728200 0.866350 0.738250 0.879750
0 0.713750 0.240000 0.691250 0.240000 0.691250 0.235000 0.713750 0.235000
0 0.696000 0.915750 0.688000 0.899750 0.695000 0.896250 0.703000 0.912250
0 0.783250 0.913500 0.772711 0.895058 0.777423 0.892365 0.787962 0.910808
0 0.881081 0.981980 0.867879 0.960857 0.875632 0.956011 0.888834 0.977135
0 0.860108 0.933899 0.848486 0.917919 0.854135 0.913811 0.865757 0.929791
0 0.862500 0.180000 0.842500 0.180000 0.842500 0.172500 0.862500 0.172500
0 0.930000 0.303750 0.903750 0.303750 0.903750 0.296250 0.930000 0.296250
0 0.784256 0.941559 0.771756 0.921559 0.778834 0.917135 0.791334 0.937135
0 0.844000 0.980500 0.837000 0.966500 0.843500 0.963250 0.850500 0.977250
0 0.758125 0.955625 0.748640 0.939816 0.755257 0.935846 0.764743 0.951654
0 0.820073 0.995956 0.810809 0.980515 0.817243 0.976654 0.826507 0.992095
0 0.569043 0.087513 0.565122 0.083638 0.577669 0.070943 0.581590 0.074818
0 0.584080 0.684323 0.568349 0.666054 0.574870 0.660438 0.590602 0.678707
0 0.640918 0.697271 0.626263 0.679508 0.632288 0.674538 0.646942 0.692301
