0 0.911234 0.980313 0.820611 0.951129 0.828289 0.927288 0.918912 0.956472
0 0.581875 0.530625 0.540625 0.489375 0.553125 0.476875 0.594375 0.518125
0 0.461875 0.054375 0.435000 0.027500 0.442500 0.020000 0.469375 0.046875
0 0.676829 0.573433 0.665601 0.566524 0.690322 0.526352 0.701550 0.533262
0 0.840000 0.807500 0.797500 0.807500 0.797500 0.796250 0.840000 0.796250
0 0.945195 0.370938 0.835048 0.335141 0.845943 0.301619 0.956090 0.337417
0 0.737744 1.000000 0.703766 0.986848 0.713021 0.971115 0.746999 0.991102
0 0.551910 0.445685 0.529842 0.433691 0.603538 0.298091 0.625606 0.310085
0 0.645534 0.245350 0.557059 0.138659 0.581555 0.118345 0.670030 0.225036
0 0.662193 0.956030 0.617869 0.917024 0.629523 0.903780 0.673848 0.942786
