0 0.918241 0.116103 0.884414 0.113284 0.885328 0.102319 0.919155 0.105138
0 0.106442 0.573461 0.093173 0.564615 0.127788 0.512692 0.141058 0.521538
0 0.303750 0.437500 0.298125 0.431875 0.312500 0.417500 0.318125 0.423125
0 0.146250 0.508750 0.141250 0.503750 0.153125 0.491875 0.158125 0.496875
0 0.998750 0.136250 0.990000 0.136250 0.990000 0.125000 0.998750 0.125000
0 0.028750 0.868750 0.021250 0.865000 0.031500 0.844500 0.039000 0.848250
0 0.320750 0.516000 0.313250 0.512250 0.321750 0.495250 0.329250 0.499000
0 0.744538 0.132558 0.742808 0.118712 0.783115 0.113673 0.784846 0.127519
0 0.274375 0.364375 0.268750 0.358750 0.286250 0.341250 0.291875 0.346875
0 0.255625 0.384375 0.249375 0.378125 0.261250 0.366250 0.267500 0.372500
0 0.198750 0.602500 0.194375 0.598125 0.208750 0.583750 0.213125 0.588125
0 0.731250 0.136250 0.695000 0.136250 0.695000 0.118750 0.731250 0.118750
0 0.873125 0.121875 0.834125 0.108875 0.838500 0.095750 0.877500 0.108750
0 0.174805 0.480637 0.162444 0.469730 0.201257 0.425742 0.213619 0.436649
0 0.066451 0.625013 0.055337 0.618530 0.078232 0.579281 0.089346 0.585764
0 0.795581 0.119961 0.794674 0.106355 0.832091 0.103861 0.832998 0.117467
0 0.441419 0.250236 0.428919 0.232736 0.479763 0.196419 0.492263 0.213919
0 0.362041 0.287362 0.356944 0.277896 0.379604 0.265694 0.384702 0.275161
0 0.326804 0.326862 0.320990 0.318557 0.338859 0.306049 0.344673 0.314354
0 0.306250 0.338750 0.302750 0.331750 0.321250 0.322500 0.324750 0.329500
