0 0.265441 0.411985 0.264176 0.395544 0.335772 0.390037 0.337037 0.406478
0 0.900662 0.179853 0.892721 0.177868 0.898309 0.155515 0.906250 0.157500
0 0.834498 0.477598 0.802061 0.473367 0.802862 0.467221 0.835300 0.471452
0 0.507454 0.069849 0.434977 0.057425 0.438201 0.038620 0.510678 0.051045
0 0.923981 0.435165 0.923442 0.411428 0.998346 0.409725 0.998886 0.433463
0 0.058750 0.548750 0.053750 0.548750 0.053750 0.527500 0.058750 0.527500
0 0.816250 0.208750 0.745000 0.208750 0.745000 0.187500 0.816250 0.187500
0 0.569919 0.393029 0.505606 0.387516 0.507317 0.367556 0.571630 0.373068
0 0.925195 0.719357 0.855874 0.708692 0.858605 0.690939 0.927926 0.701604
0 0.237500 0.266250 0.230577 0.261635 0.243462 0.242308 0.250385 0.246923
0 0.141250 0.943750 0.078750 0.943750 0.078750 0.930000 0.141250 0.930000
0 0.618750 0.640000 0.550000 0.640000 0.550000 0.620000 0.618750 0.620000
0 0.000017 0.212813 0.000000 0.200664 0.057536 0.194706 0.058768 0.206855
