0 0.954375 0.556875 0.925625 0.528125 0.933750 0.520000 0.962500 0.548750
0 0.779362 0.742007 0.669851 0.623963 0.695655 0.600025 0.805166 0.718069
0 0.183621 0.117802 0.054672 0.003181 0.073845 0.000000 0.202793 0.096233
0 0.736850 0.868273 0.644942 0.800874 0.662150 0.777410 0.754057 0.844809
0 0.194325 0.232603 0.177680 0.204306 0.187240 0.198683 0.203885 0.226979
0 0.444375 0.355625 0.358750 0.270000 0.379375 0.249375 0.465000 0.335000
0 0.657866 0.349891 0.640832 0.331720 0.724200 0.253563 0.741234 0.271733
0 0.708569 0.324328 0.697879 0.312302 0.734267 0.279957 0.744957 0.291983
0 0.179455 0.232351 0.124074 0.190655 0.132683 0.179221 0.188063 0.220917
0 0.748771 0.509538 0.732104 0.501019 0.772809 0.421377 0.789477 0.429896
0 0.789226 0.309467 0.735182 0.258632 0.746697 0.246390 0.800741 0.297225
