0 0.115000 0.930000 0.090000 0.930000 0.090000 0.925000 0.115000 0.925000
0 0.242838 0.120777 0.239899 0.103142 0.246993 0.101959 0.249932 0.119595
0 0.150000 0.998750 0.131250 0.998750 0.131250 0.996250 0.150000 0.996250
0 0.316906 0.925034 0.283381 0.923270 0.283974 0.911985 0.317500 0.913750
0 0.081250 0.258750 0.000000 0.258750 0.000000 0.238750 0.081250 0.238750
0 0.001951 0.543880 0.000000 0.524624 0.066894 0.512925 0.070195 0.532181
0 0.664589 0.071557 0.600818 0.068201 0.601754 0.050421 0.665525 0.053778
0 0.421250 0.887500 0.392500 0.887500 0.392500 0.881250 0.421250 0.881250
0 0.412035 0.287922 0.410209 0.272402 0.475482 0.264723 0.477308 0.280243
0 0.230564 0.830076 0.229619 0.821570 0.254588 0.818796 0.255534 0.827302
0 0.560000 0.762500 0.536250 0.762500 0.536250 0.752500 0.560000 0.752500
0 0.671885 0.808827 0.670904 0.800981 0.694596 0.798019 0.695577 0.805865
0 0.022500 0.980000 0.000000 0.980000 0.000000 0.975000 0.022500 0.975000
0 0.083750 0.995000 0.052500 0.995000 0.052500 0.987500 0.083750 0.987500
0 0.656824 0.655946 0.655743 0.649459 0.681892 0.645101 0.682973 0.651588
0 0.654177 0.531126 0.653221 0.523003 0.690644 0.518601 0.691600 0.526724
0 0.919375 0.233125 0.913767 0.220788 0.979503 0.190908 0.985111 0.203245
0 0.916361 0.213614 0.915347 0.203465 0.942451 0.200755 0.943465 0.210903
