0 0.959503 0.507843 0.952671 0.489623 0.958836 0.487312 0.965668 0.505531
0 0.788125 0.219375 0.774375 0.205625 0.779375 0.200625 0.793125 0.214375
0 0.722705 0.018996 0.708156 0.001537 0.714180 0.000000 0.728730 0.013975
0 0.818250 0.246500 0.810000 0.230000 0.818000 0.226000 0.826250 0.242500
0 0.786875 0.243125 0.771875 0.228125 0.776875 0.223125 0.791875 0.238125
0 0.825155 0.267848 0.817887 0.251495 0.826005 0.247887 0.833273 0.264240
0 0.695500 0.164750 0.687500 0.148750 0.694000 0.145500 0.702000 0.161500
0 0.766557 0.090369 0.750471 0.071066 0.757479 0.065225 0.773566 0.084529
0 0.736750 0.166000 0.728250 0.149000 0.735250 0.145500 0.743750 0.162500
0 0.879250 0.231000 0.868750 0.210000 0.877750 0.205500 0.888250 0.226500
0 0.802688 0.218836 0.794520 0.197055 0.802466 0.194075 0.810634 0.215856
0 0.860431 0.267328 0.851897 0.245991 0.862241 0.241853 0.870776 0.263190
0 0.931000 0.284500 0.922500 0.267500 0.930500 0.263500 0.939000 0.280500
0 0.906556 0.322948 0.899623 0.298679 0.909198 0.295943 0.916132 0.320212
0 0.943558 0.317212 0.933173 0.301635 0.941827 0.295865 0.952212 0.311442
0 0.911971 0.392356 0.908654 0.375769 0.917789 0.373942 0.921106 0.390529
0 0.953500 0.453250 0.943000 0.432250 0.953500 0.427000 0.964000 0.448000
0 0.905590 0.418939 0.898750 0.395000 0.913278 0.390849 0.920118 0.414788
0 0.728125 0.073125 0.713125 0.058125 0.718750 0.052500 0.733750 0.067500
0 0.985250 0.483000 0.977250 0.467000 0.984250 0.463500 0.992250 0.479500
0 0.881203 0.326085 0.874552 0.302807 0.884623 0.299929 0.891274 0.323208
0 0.751450 0.314850 0.740500 0.300250 0.746900 0.295450 0.757850 0.310050
0 0.933897 0.340588 0.929338 0.322353 0.939926 0.319706 0.944485 0.337941
0 0.702134 0.045793 0.685549 0.025061 0.691646 0.020183 0.708232 0.040915
0 0.872500 0.328750 0.865000 0.328750 0.865000 0.311250 0.872500 0.311250
0 0.548950 0.046100 0.537400 0.030700 0.542800 0.026650 0.554350 0.042050
0 0.903125 0.354375 0.888125 0.339375 0.894375 0.333125 0.909375 0.348125
0 0.991676 0.405044 0.986824 0.383206 0.996221 0.381118 1.000000 0.402956
0 0.982750 0.511750 0.972250 0.490750 0.978250 0.487750 0.988750 0.508750
0 0.729292 0.103774 0.723774 0.084458 0.730708 0.082476 0.736226 0.101792
0 0.761500 0.155500 0.753250 0.139000 0.759750 0.135750 0.768000 0.152250
0 0.760900 0.123700 0.749950 0.109100 0.754950 0.105350 0.765900 0.119950
0 0.681616 0.014207 0.670640 0.000488 0.675366 0.000000 0.686342 0.010427
0 0.782789 0.163942 0.771173 0.143615 0.780596 0.138231 0.792212 0.158558
0 0.985539 0.814692 0.956154 0.763269 0.969346 0.755731 0.998731 0.807154
0 0.822868 0.202279 0.810956 0.182426 0.817757 0.178346 0.829669 0.198199
0 0.887000 0.267750 0.878750 0.251250 0.885250 0.248000 0.893500 0.264500
0 0.833125 0.154375 0.816250 0.137500 0.821875 0.131875 0.838750 0.148750
0 0.791031 0.130693 0.778108 0.112601 0.783784 0.108547 0.796706 0.126639
0 0.783235 0.190809 0.771324 0.170956 0.778676 0.166544 0.790588 0.186397
0 0.758250 0.206500 0.749250 0.188500 0.756750 0.184750 0.765750 0.202750
0 0.997808 0.855538 0.983423 0.830365 0.990827 0.826135 1.000000 0.851308
0 0.859256 0.184059 0.848090 0.166194 0.853933 0.162542 0.865098 0.180407
0 0.877059 0.294485 0.873382 0.279779 0.879265 0.278309 0.882941 0.293015
0 0.844750 0.232000 0.837250 0.217000 0.843750 0.213750 0.851250 0.228750
0 0.844250 0.315250 0.836375 0.291625 0.847625 0.287875 0.855500 0.311500
0 0.852220 0.342210 0.848800 0.323400 0.855950 0.322100 0.859370 0.340910
0 0.903700 0.340900 0.892300 0.332350 0.895750 0.327750 0.907150 0.336300
0 0.872838 0.353277 0.869696 0.334426 0.877399 0.333142 0.880541 0.351993
0 0.855861 0.121706 0.842348 0.102787 0.850034 0.097297 0.863547 0.116216
0 0.960750 0.359000 0.949500 0.336500 0.959000 0.331750 0.970250 0.354250
0 0.925956 0.456324 0.920000 0.432500 0.931765 0.429559 0.937721 0.453382
0 0.997500 0.547500 0.988750 0.547500 0.988750 0.530000 0.997500 0.530000
0 0.977750 0.453000 0.969500 0.436500 0.977500 0.432500 0.985750 0.449000
0 0.885809 0.373235 0.881029 0.354118 0.891029 0.351618 0.895809 0.370735
0 0.751287 0.057978 0.740257 0.039596 0.747427 0.035294 0.758456 0.053676
0 0.979750 0.379500 0.972250 0.364500 0.980250 0.360500 0.987750 0.375500
0 0.926226 0.361792 0.921274 0.344458 0.928538 0.342382 0.933491 0.359717
0 0.931500 0.390500 0.924250 0.376000 0.931250 0.372500 0.938500 0.387000
0 0.953250 0.477750 0.942500 0.456250 0.953000 0.451000 0.963750 0.472500
0 0.733475 0.135600 0.724090 0.120653 0.729961 0.116966 0.739347 0.131913
0 0.783924 0.134153 0.770698 0.116063 0.777188 0.111318 0.790414 0.129408
0 0.909011 0.257728 0.899950 0.240221 0.907192 0.236473 0.916253 0.253980
0 0.901230 0.260468 0.894143 0.244317 0.901792 0.240961 0.908878 0.257112
0 0.894580 0.264024 0.888278 0.250194 0.895245 0.247020 0.901547 0.260849
0 0.968534 0.402280 0.952322 0.381118 0.959579 0.375558 0.975792 0.396720
0 0.955487 0.404808 0.946665 0.388832 0.956265 0.383531 0.965087 0.399506
