0 0.177500 0.842500 0.167250 0.822000 0.173250 0.819000 0.183500 0.839500
0 0.054375 0.436875 0.011875 0.394375 0.023125 0.383125 0.065625 0.425625
0 0.260512 0.769806 0.232448 0.721697 0.245194 0.714262 0.273258 0.762370
0 0.109750 0.796750 0.095050 0.777150 0.101050 0.772650 0.115750 0.792250
0 0.199518 0.881606 0.187317 0.858945 0.193876 0.855413 0.206078 0.878073
0 0.076500 0.808000 0.068250 0.791500 0.075250 0.788000 0.083500 0.804500
0 0.186147 0.910976 0.180753 0.896592 0.186370 0.894486 0.191764 0.908870
0 0.097351 0.481015 0.059233 0.449827 0.068144 0.438936 0.106262 0.470124
0 0.129385 0.541423 0.101846 0.493231 0.112885 0.486923 0.140423 0.535115
0 0.237452 0.989760 0.233846 0.971731 0.241058 0.970289 0.244663 0.988317
0 0.073500 0.784500 0.064500 0.766500 0.073000 0.762250 0.082000 0.780250
0 0.261442 0.975288 0.252404 0.961731 0.259038 0.957308 0.268077 0.970865
0 0.227973 0.962838 0.225068 0.945405 0.231959 0.944257 0.234865 0.961689
0 0.292642 0.830176 0.266302 0.779523 0.280392 0.772196 0.306732 0.822850
0 0.323500 0.885750 0.301750 0.842250 0.316750 0.834750 0.338500 0.878250
0 0.145385 0.834327 0.132500 0.815000 0.138558 0.810962 0.151442 0.830288
0 0.225577 0.928365 0.214038 0.911058 0.219808 0.907211 0.231346 0.924519
0 0.094750 0.863250 0.087250 0.848250 0.093250 0.845250 0.100750 0.860250
0 0.255000 0.940000 0.238750 0.923750 0.244375 0.918125 0.260625 0.934375
0 0.162794 0.597574 0.133897 0.549412 0.145662 0.542353 0.174559 0.590515
0 0.195078 0.655021 0.167492 0.607373 0.178776 0.600840 0.206362 0.648488
0 0.112000 0.856500 0.104250 0.841000 0.112250 0.837000 0.120000 0.852500
0 0.207398 0.946127 0.194180 0.930266 0.199221 0.926066 0.212438 0.941926
0 0.160824 0.872456 0.156765 0.854191 0.162985 0.852809 0.167044 0.871074
0 0.274250 0.999750 0.264500 0.980250 0.270500 0.977250 0.280250 0.996750
0 0.227898 0.711371 0.199939 0.658949 0.211812 0.652617 0.239771 0.705039
0 0.210000 0.986250 0.195000 0.971250 0.202500 0.963750 0.217500 0.978750
0 0.084300 0.837400 0.071700 0.820600 0.079700 0.814600 0.092300 0.831400
0 0.094970 0.832774 0.081067 0.815396 0.089756 0.808445 0.103659 0.825823
0 0.136250 0.882500 0.123125 0.869375 0.131250 0.861250 0.144375 0.874375
0 0.021404 0.687550 0.016286 0.671015 0.023234 0.668865 0.028352 0.685399
