0 0.629540 0.673854 0.604943 0.658319 0.663012 0.566376 0.687609 0.581911
0 0.123921 0.357095 0.000000 0.216903 0.000000 0.176250 0.159625 0.316442
0 0.360145 0.805750 0.216957 0.673248 0.242654 0.645479 0.385842 0.777981
0 0.260358 0.454388 0.188163 0.380242 0.210926 0.358079 0.283120 0.432225
0 0.358591 0.551982 0.278964 0.480318 0.300718 0.456146 0.380345 0.527811
0 0.146103 0.630588 0.103382 0.593971 0.115912 0.579353 0.158632 0.615971
0 0.997381 0.874994 0.931544 0.802573 0.950085 0.785718 1.000000 0.858139
0 0.521875 0.530625 0.502500 0.511250 0.586250 0.427500 0.605625 0.446875
0 0.043007 0.564319 0.000000 0.514335 0.015126 0.498563 0.060414 0.548547
0 0.690883 0.564240 0.677975 0.556893 0.710265 0.500168 0.723173 0.507515
0 0.507741 0.943179 0.409033 0.846485 0.427970 0.827153 0.526678 0.923847
0 0.738155 0.843588 0.722465 0.834781 0.762766 0.762984 0.778456 0.771792
