0 0.565809 0.751765 0.557868 0.749780 0.563676 0.726544 0.571618 0.728530
0 0.615000 0.776250 0.608750 0.776250 0.608750 0.762500 0.615000 0.762500
0 0.503750 0.710000 0.496875 0.703125 0.508125 0.691875 0.515000 0.698750
0 0.468650 0.861950 0.461475 0.860925 0.464200 0.841850 0.471375 0.842875
0 0.340962 0.276058 0.337788 0.260192 0.344038 0.258942 0.347212 0.274808
0 0.503134 0.268356 0.494658 0.245753 0.504521 0.242055 0.512997 0.264658
0 0.327500 0.281250 0.320000 0.281250 0.320000 0.270000 0.327500 0.270000
0 0.320000 0.151250 0.313750 0.151250 0.313750 0.130000 0.320000 0.130000
0 0.305625 0.164375 0.298375 0.142625 0.305125 0.140375 0.312375 0.162125
0 0.578041 0.773007 0.571149 0.771858 0.574662 0.750777 0.581554 0.751926
0 0.478382 0.883971 0.469853 0.881838 0.473529 0.867132 0.482059 0.869265
0 0.482130 0.782138 0.473254 0.778439 0.482093 0.757226 0.490969 0.760925
0 0.543000 0.867750 0.535500 0.864000 0.544250 0.846500 0.551750 0.850250
0 0.377586 0.283966 0.369914 0.264785 0.377672 0.261681 0.385345 0.280862
0 0.483250 0.274000 0.475000 0.257500 0.482000 0.254000 0.490250 0.270500
0 0.398000 0.269750 0.391250 0.256250 0.398250 0.252750 0.405000 0.266250
0 0.523938 0.287586 0.517260 0.269777 0.524247 0.267158 0.530925 0.284966
0 0.572750 1.000000 0.565250 0.998250 0.573750 0.981250 0.581250 0.985000
0 0.311250 0.201250 0.305000 0.201250 0.305000 0.190000 0.311250 0.190000
0 0.383125 0.359375 0.375750 0.337250 0.383625 0.334625 0.391000 0.356750
0 0.585000 0.342500 0.580000 0.342500 0.580000 0.331250 0.585000 0.331250
0 0.590647 0.344741 0.581681 0.322328 0.591810 0.318276 0.600776 0.340690
0 0.370603 0.245259 0.361724 0.223060 0.371853 0.219009 0.380733 0.241207
0 0.483875 0.367875 0.476250 0.345000 0.483375 0.342625 0.491000 0.365500
0 0.414310 0.352026 0.407672 0.335431 0.418017 0.331293 0.424655 0.347888
0 0.554615 0.414327 0.550913 0.395817 0.557404 0.394519 0.561106 0.413029
0 0.605319 0.412987 0.603257 0.361420 0.618433 0.360813 0.620495 0.412380
0 0.578750 0.485000 0.571250 0.485000 0.571250 0.465000 0.578750 0.465000
0 0.529807 0.604497 0.521140 0.581965 0.528679 0.579066 0.537345 0.601598
0 0.610100 0.479450 0.600800 0.414350 0.619000 0.411750 0.628300 0.476850
0 0.572500 0.511250 0.566250 0.511250 0.566250 0.493750 0.572500 0.493750
0 0.445602 0.118760 0.419469 0.058655 0.440084 0.049692 0.466216 0.109797
0 0.590161 0.595298 0.582821 0.593096 0.588601 0.573830 0.595940 0.576032
0 0.381000 0.241750 0.374875 0.223375 0.385375 0.219875 0.391500 0.238250
0 0.506875 0.350625 0.500000 0.330000 0.507125 0.327625 0.514000 0.348250
0 0.339000 0.333000 0.329250 0.313500 0.337250 0.309500 0.347000 0.329000
0 0.532933 0.435913 0.529135 0.416923 0.535865 0.415577 0.539663 0.434567
0 0.533750 0.352500 0.530304 0.331824 0.540642 0.330101 0.544088 0.350777
0 0.332500 0.337500 0.315625 0.320625 0.322500 0.313750 0.339375 0.330625
0 0.541250 0.463750 0.535000 0.463750 0.535000 0.442500 0.541250 0.442500
0 0.619035 0.590314 0.617233 0.548870 0.628516 0.548380 0.630318 0.589823
0 0.509979 0.546159 0.504733 0.523427 0.511763 0.521805 0.517008 0.544537
0 0.638750 0.656250 0.628750 0.656250 0.628750 0.637500 0.638750 0.637500
0 0.545000 0.551250 0.537500 0.551250 0.537500 0.528750 0.545000 0.528750
0 0.553750 0.591250 0.548750 0.591250 0.548750 0.568750 0.553750 0.568750
0 0.244914 0.109784 0.237759 0.091897 0.245302 0.088879 0.252457 0.106767
0 0.324308 0.185712 0.321462 0.162942 0.331154 0.161731 0.334000 0.184500
0 0.269072 0.090532 0.260903 0.089715 0.262785 0.070903 0.270953 0.071720
0 0.328922 0.247931 0.321336 0.228966 0.331250 0.225000 0.338836 0.243966
0 0.472246 0.813766 0.463921 0.811546 0.470954 0.785171 0.479279 0.787391
0 0.527601 0.891892 0.520304 0.890676 0.523885 0.869189 0.531182 0.870405
0 0.503750 0.743750 0.493750 0.743750 0.493750 0.720000 0.503750 0.720000
0 0.398676 0.297206 0.392868 0.273971 0.402279 0.271618 0.408088 0.294853
0 0.469500 0.321500 0.457750 0.298000 0.465250 0.294250 0.477000 0.317750
0 0.357500 0.308750 0.350250 0.294250 0.357250 0.290750 0.364500 0.305250
0 0.485292 0.309086 0.483579 0.285102 0.492995 0.284429 0.494708 0.308414
0 0.231815 0.155406 0.230025 0.130355 0.238642 0.129740 0.240431 0.154791
0 0.281103 0.113162 0.269103 0.099162 0.275588 0.093603 0.287588 0.107603
0 0.354375 0.259375 0.345000 0.250000 0.348750 0.246250 0.358125 0.255625
0 0.577875 0.835125 0.569625 0.832375 0.576375 0.812125 0.584625 0.814875
0 0.537442 0.921712 0.531442 0.920962 0.533962 0.900808 0.539962 0.901558
0 0.560000 0.776250 0.553625 0.774125 0.560000 0.755000 0.566375 0.757125
0 0.506250 0.998750 0.498750 0.998750 0.498750 0.990000 0.506250 0.990000
0 0.387280 0.322924 0.375134 0.303187 0.382039 0.298938 0.394184 0.318675
0 0.508750 0.295000 0.501250 0.280000 0.508250 0.276500 0.515750 0.291500
0 0.379000 0.330500 0.367750 0.308000 0.376750 0.303500 0.388000 0.326000
0 0.528450 0.304600 0.518850 0.291800 0.524450 0.287600 0.534050 0.300400
0 0.392500 0.236250 0.383750 0.218750 0.395750 0.212750 0.404500 0.230250
0 0.323750 0.310000 0.317500 0.310000 0.317500 0.297500 0.323750 0.297500
0 0.566301 0.455137 0.557414 0.431438 0.565771 0.428305 0.574658 0.452003
0 0.519672 0.181861 0.492110 0.156804 0.497370 0.151018 0.524932 0.176075
0 0.504706 0.402574 0.499118 0.380221 0.506765 0.378309 0.512353 0.400662
0 0.417539 0.526873 0.415569 0.495355 0.431055 0.494387 0.433025 0.525905
0 0.554118 0.485221 0.549338 0.466103 0.556691 0.464265 0.561471 0.483382
0 0.487851 0.961392 0.478709 0.954743 0.496223 0.930662 0.505365 0.937311
0 0.595000 0.540000 0.587500 0.540000 0.587500 0.520000 0.595000 0.520000
0 0.548750 0.578750 0.543750 0.578750 0.543750 0.560000 0.548750 0.560000
0 0.480385 0.953173 0.473750 0.948750 0.487788 0.927692 0.494423 0.932115
0 0.569118 0.545221 0.563897 0.524338 0.572132 0.522280 0.577353 0.543162
0 0.522500 0.670000 0.513750 0.670000 0.513750 0.640000 0.522500 0.640000
0 0.564500 0.276500 0.548500 0.244500 0.558000 0.239750 0.574000 0.271750
0 0.479483 0.404957 0.473103 0.389009 0.481940 0.385474 0.488319 0.401422
0 0.408130 0.029660 0.388375 0.001125 0.396760 0.000000 0.416515 0.023855
0 0.533341 0.506427 0.528512 0.483890 0.536878 0.482098 0.541707 0.504634
0 0.550000 0.262500 0.542500 0.262500 0.542500 0.248750 0.550000 0.248750
0 0.573917 0.315931 0.553232 0.278009 0.567070 0.270462 0.587755 0.308384
0 0.443750 0.546250 0.429750 0.539250 0.433750 0.531250 0.447750 0.538250
0 0.570165 0.969953 0.561863 0.968396 0.566420 0.944094 0.574722 0.945651
0 0.577925 0.567975 0.575375 0.550125 0.581150 0.549300 0.583700 0.567150
0 0.618750 0.686250 0.612500 0.686250 0.612500 0.670000 0.618750 0.670000
0 0.561298 0.969760 0.551442 0.967789 0.556538 0.942308 0.566394 0.944279
0 0.521490 0.575048 0.516702 0.557490 0.523577 0.555615 0.528365 0.573173
0 0.616250 0.723750 0.607500 0.723750 0.607500 0.703750 0.616250 0.703750
0 0.278727 0.140754 0.269710 0.123846 0.278300 0.119265 0.287317 0.136173
0 0.293073 0.130881 0.286165 0.112026 0.293108 0.109483 0.300015 0.128337
