0 0.191073 0.785259 0.189025 0.768063 0.261246 0.759465 0.263293 0.776662
0 0.708750 0.273750 0.690000 0.273750 0.690000 0.263750 0.708750 0.263750
0 0.864582 0.597650 0.860292 0.576735 0.937615 0.560874 0.941905 0.581789
0 0.558148 0.966921 0.554523 0.939372 0.638787 0.928285 0.642412 0.955834
0 0.061048 0.989562 0.058137 0.974283 0.096909 0.966898 0.099819 0.982177
0 0.245038 0.971497 0.237203 0.952888 0.302138 0.925547 0.309974 0.944156
0 0.931397 0.723088 0.928456 0.711324 0.957280 0.704118 0.960221 0.715882
0 0.177574 0.457372 0.174922 0.435098 0.245852 0.426655 0.248503 0.448928
0 0.894560 0.780674 0.889074 0.771269 0.909048 0.759618 0.914534 0.769022
0 0.643674 0.273064 0.641250 0.251250 0.722607 0.242210 0.725030 0.264024
0 0.645453 0.766121 0.643566 0.745831 0.715703 0.739121 0.717591 0.759410
0 0.015619 0.140961 0.014221 0.121856 0.079603 0.117072 0.081001 0.136177
0 0.127146 0.184363 0.119481 0.170566 0.178066 0.138019 0.185731 0.151816
