0 0.447568 0.826655 0.443345 0.801318 0.458142 0.798851 0.462365 0.824189
0 0.422500 0.728750 0.407500 0.728750 0.407500 0.705000 0.422500 0.705000
0 0.276411 0.079040 0.273921 0.069704 0.303797 0.061738 0.306286 0.071074
0 0.361346 0.706731 0.356250 0.681250 0.367067 0.679087 0.372163 0.704567
0 0.482500 0.750000 0.472500 0.750000 0.472500 0.731250 0.482500 0.731250
0 0.335515 0.058309 0.333382 0.049779 0.363088 0.042353 0.365221 0.050882
0 0.359253 0.748943 0.351314 0.731082 0.358041 0.728093 0.365979 0.745954
0 0.831675 0.010952 0.831079 0.002602 0.858528 0.000641 0.859124 0.008991
0 0.381281 0.745742 0.374933 0.721935 0.382713 0.719860 0.389061 0.743667
0 0.477750 0.913000 0.466000 0.889500 0.478000 0.883500 0.489750 0.907000
0 0.499625 0.963875 0.491750 0.940250 0.503000 0.936500 0.510875 0.960125
0 0.297346 0.559589 0.286866 0.531644 0.298099 0.527431 0.308579 0.555377
0 0.365515 0.653309 0.358750 0.626250 0.366691 0.624265 0.373456 0.651324
0 0.293137 0.595354 0.286627 0.572571 0.295542 0.570024 0.302052 0.592807
0 0.404083 0.679025 0.392351 0.639920 0.403819 0.636479 0.415550 0.675585
0 0.430000 0.822500 0.411250 0.822500 0.411250 0.797500 0.430000 0.797500
0 0.487625 0.940375 0.481125 0.920875 0.491625 0.917375 0.498125 0.936875
0 0.388592 0.031278 0.387115 0.022784 0.426784 0.015885 0.428261 0.024378
0 0.368727 0.788257 0.361778 0.765092 0.369002 0.762924 0.375952 0.786090
0 0.388818 0.819594 0.380709 0.818243 0.384088 0.797973 0.392196 0.799324
0 0.710000 0.031250 0.683750 0.031250 0.683750 0.018750 0.710000 0.018750
0 0.389875 0.744625 0.383250 0.724750 0.390750 0.722250 0.397375 0.742125
0 0.523750 0.932500 0.503125 0.911875 0.515625 0.899375 0.536250 0.920000
0 0.555956 0.946324 0.550074 0.922794 0.562721 0.919632 0.568603 0.943162
0 0.735925 0.099762 0.734277 0.089053 0.761893 0.084805 0.763540 0.095513
0 0.541875 0.838125 0.532125 0.834875 0.538625 0.815375 0.548375 0.818625
0 0.486250 0.112500 0.465000 0.112500 0.465000 0.105000 0.486250 0.105000
0 0.551618 0.902721 0.546912 0.883897 0.554853 0.881912 0.559559 0.900735
0 0.666912 0.077647 0.664927 0.069706 0.682574 0.065294 0.684559 0.073235
0 0.543769 0.860266 0.542246 0.838947 0.552107 0.838242 0.553629 0.859562
0 0.525000 0.190000 0.497500 0.190000 0.497500 0.181250 0.525000 0.181250
0 0.594750 0.985500 0.588250 0.966000 0.598750 0.962500 0.605250 0.982000
0 0.642476 0.206958 0.625637 0.202146 0.627854 0.194387 0.644693 0.199198
0 0.187500 0.431250 0.168354 0.407317 0.176433 0.400854 0.195579 0.424787
0 0.656250 0.221250 0.651875 0.216875 0.659375 0.209375 0.663750 0.213750
0 0.414125 0.078625 0.411250 0.070000 0.438250 0.061000 0.441125 0.069625
0 0.446250 0.920000 0.437500 0.902500 0.446500 0.898000 0.455250 0.915500
0 0.119268 0.108415 0.113171 0.103537 0.125854 0.087683 0.131951 0.092561
0 0.561250 0.983750 0.550000 0.961250 0.559500 0.956500 0.570750 0.979000
0 0.461149 0.888108 0.451419 0.886487 0.455574 0.861554 0.465304 0.863176
0 0.766250 0.170000 0.747500 0.170000 0.747500 0.158750 0.766250 0.158750
0 0.549375 0.999375 0.532500 0.982500 0.538750 0.976250 0.555625 0.993125
0 0.662500 0.242500 0.642500 0.242500 0.642500 0.236250 0.662500 0.236250
0 0.155228 0.445310 0.144594 0.422523 0.153627 0.418307 0.164261 0.441095
0 0.246555 0.280244 0.243933 0.256646 0.250655 0.255899 0.253277 0.279497
0 0.173250 0.469000 0.161500 0.445500 0.170000 0.441250 0.181750 0.464750
0 0.392744 0.689695 0.389101 0.656906 0.399665 0.655732 0.403308 0.688521
0 0.257414 0.631062 0.246541 0.607140 0.253510 0.603973 0.264384 0.627894
0 0.336618 0.673971 0.331176 0.652206 0.340588 0.649853 0.346029 0.671618
0 0.537500 0.972500 0.526250 0.972500 0.526250 0.953750 0.537500 0.953750
0 0.532500 0.948750 0.522500 0.948750 0.522500 0.931250 0.532500 0.931250
0 0.403077 0.789616 0.399904 0.764231 0.409596 0.763019 0.412769 0.788404
0 0.535472 0.032707 0.532982 0.023371 0.566904 0.014326 0.569393 0.023662
0 0.416269 0.853904 0.412423 0.823135 0.420423 0.822135 0.424269 0.852904
0 0.422500 0.766250 0.415000 0.766250 0.415000 0.742500 0.422500 0.742500
0 0.617500 0.070000 0.581250 0.070000 0.581250 0.060000 0.617500 0.060000
0 0.358000 0.869750 0.349750 0.853250 0.356750 0.849750 0.365000 0.866250
0 0.585000 0.943750 0.576250 0.943750 0.576250 0.923750 0.585000 0.923750
0 0.346351 0.615608 0.341757 0.588041 0.349257 0.586791 0.353851 0.614358
0 0.186250 0.045000 0.181250 0.040000 0.199375 0.021875 0.204375 0.026875
0 0.334245 0.711108 0.326981 0.685684 0.336557 0.682948 0.343821 0.708373
0 0.336808 0.615712 0.333481 0.589096 0.342404 0.587981 0.345731 0.614596
0 0.225257 0.034596 0.220625 0.026875 0.243235 0.013309 0.247868 0.021029
0 0.568235 0.925441 0.561544 0.898677 0.572721 0.895882 0.579412 0.922647
0 0.586561 0.946853 0.584664 0.920292 0.595057 0.919549 0.596954 0.946110
0 0.432439 0.753074 0.429693 0.722869 0.439385 0.721988 0.442131 0.752193
0 0.566250 0.091250 0.542500 0.091250 0.542500 0.083750 0.566250 0.083750
0 0.432500 0.878750 0.426250 0.878750 0.426250 0.855000 0.432500 0.855000
0 0.445000 0.780000 0.437500 0.780000 0.437500 0.760000 0.445000 0.760000
0 0.764750 0.053250 0.762453 0.045784 0.786959 0.038243 0.789257 0.045709
0 0.477019 0.853654 0.461635 0.830577 0.472885 0.823077 0.488269 0.846154
0 0.323262 0.239390 0.315701 0.229939 0.347713 0.204329 0.355274 0.213780
0 0.581250 0.998750 0.568750 0.998750 0.568750 0.986250 0.581250 0.986250
0 0.316619 0.229693 0.309344 0.220963 0.336762 0.198115 0.344037 0.206844
0 0.598750 0.998750 0.588750 0.998750 0.588750 0.991250 0.598750 0.991250
0 0.288378 0.105348 0.286439 0.096299 0.314268 0.090335 0.316207 0.099384
0 0.466500 0.944250 0.455000 0.921250 0.463500 0.917000 0.475000 0.940000
0 0.781250 0.203750 0.763750 0.203750 0.763750 0.195000 0.781250 0.195000
0 0.530000 0.998750 0.520000 0.998750 0.520000 0.990000 0.530000 0.990000
0 0.249925 0.126286 0.219357 0.115587 0.222787 0.105788 0.253355 0.116487
0 0.766250 0.213750 0.745000 0.213750 0.745000 0.205000 0.766250 0.205000
0 0.515375 0.987625 0.508250 0.985250 0.514500 0.966500 0.521625 0.968875
0 0.511216 0.834797 0.507872 0.814730 0.523074 0.812196 0.526419 0.832264
0 0.282500 0.275000 0.276250 0.275000 0.276250 0.258750 0.282500 0.258750
0 0.625000 0.998750 0.616250 0.998750 0.616250 0.983750 0.625000 0.983750
0 0.202344 0.491080 0.182627 0.469571 0.189024 0.463708 0.208741 0.485217
0 0.206009 0.247897 0.196698 0.247121 0.199629 0.211948 0.208940 0.212724
0 0.234375 0.489375 0.226125 0.464625 0.238125 0.460625 0.246375 0.485375
0 0.375000 0.115000 0.345000 0.115000 0.345000 0.107500 0.375000 0.107500
0 0.467500 0.858750 0.453750 0.858750 0.453750 0.835000 0.467500 0.835000
0 0.422931 0.160172 0.401379 0.151552 0.405603 0.140991 0.427155 0.149612
0 0.568750 0.881250 0.558750 0.881250 0.558750 0.861250 0.568750 0.861250
0 0.761250 0.231250 0.746250 0.231250 0.746250 0.222500 0.761250 0.222500
0 0.198750 0.242500 0.190000 0.242500 0.190000 0.210000 0.198750 0.210000
0 0.205000 0.532500 0.190000 0.517500 0.196250 0.511250 0.211250 0.526250
0 0.141804 0.406862 0.126242 0.384631 0.133624 0.379463 0.149186 0.401695
0 0.268646 0.524977 0.253782 0.501855 0.266606 0.493610 0.281471 0.516733
0 0.237186 0.563207 0.223518 0.547382 0.229043 0.542610 0.242711 0.558436
0 0.268457 0.563549 0.256170 0.542961 0.265858 0.537179 0.278145 0.557768
0 0.321683 0.659386 0.316959 0.635090 0.325780 0.633375 0.330505 0.657670
0 0.372918 0.653100 0.367487 0.625624 0.375167 0.624106 0.380598 0.651582
0 0.601211 0.965007 0.591149 0.949528 0.598285 0.944890 0.608346 0.960369
0 0.489507 0.908590 0.478612 0.887148 0.485954 0.883418 0.496848 0.904860
0 0.481605 0.788091 0.462013 0.765700 0.468501 0.760023 0.488094 0.782414
0 0.472315 0.789639 0.457156 0.772614 0.462686 0.767690 0.477846 0.784715
0 0.494304 0.789299 0.470704 0.763385 0.477239 0.757433 0.500839 0.783347
0 0.502726 0.782299 0.479555 0.759357 0.486163 0.752684 0.509334 0.775625
0 0.533082 0.874107 0.524220 0.873756 0.525269 0.847272 0.534131 0.847623
0 0.514935 0.870863 0.514249 0.847283 0.524838 0.846975 0.525525 0.870555
0 0.505740 0.875525 0.505135 0.848301 0.514386 0.848096 0.514991 0.875319
0 0.505243 0.877097 0.498112 0.877097 0.498112 0.854237 0.505243 0.854237
0 0.389601 0.770895 0.384430 0.746519 0.393942 0.744501 0.399113 0.768877
0 0.380829 0.771736 0.375932 0.748965 0.384623 0.747096 0.389520 0.769867
