0 0.816250 0.001250 0.811250 0.001250 0.811250 0.000000 0.816250 0.000000
0 0.865000 0.026250 0.858750 0.026250 0.858750 0.012500 0.865000 0.012500
0 0.718650 0.111950 0.711475 0.110925 0.714200 0.091850 0.721375 0.092875
0 0.807012 0.948110 0.783994 0.929695 0.793140 0.918262 0.816159 0.936677
0 0.708750 0.432500 0.701250 0.432500 0.701250 0.411250 0.708750 0.411250
0 0.726158 0.284473 0.719507 0.282477 0.725872 0.261261 0.732523 0.263257
0 0.780441 0.421985 0.768088 0.418897 0.775074 0.390956 0.787427 0.394044
0 0.766721 0.620184 0.759836 0.614447 0.771516 0.600430 0.778402 0.606168
0 0.861250 0.471250 0.838750 0.471250 0.838750 0.465000 0.861250 0.465000
0 0.746500 0.854250 0.736500 0.834250 0.745000 0.830000 0.755000 0.850000
0 0.828041 0.023007 0.821149 0.021858 0.824662 0.000777 0.831554 0.001926
0 0.728382 0.133971 0.719853 0.131838 0.723529 0.117132 0.732059 0.119265
0 0.732130 0.032138 0.723254 0.028439 0.732093 0.007226 0.740969 0.010925
0 0.793000 0.117750 0.785500 0.114000 0.794250 0.096500 0.801750 0.100250
0 0.821750 0.254000 0.814250 0.250250 0.823750 0.231250 0.831250 0.235000
0 0.793066 0.479069 0.785237 0.476223 0.793887 0.452436 0.801715 0.455283
0 0.758491 0.343147 0.750517 0.339957 0.758793 0.319267 0.766767 0.322457
0 0.723879 0.349698 0.714224 0.345560 0.725086 0.320215 0.734741 0.324353
0 0.754125 0.486375 0.739500 0.481500 0.749000 0.453000 0.763625 0.457875
0 0.738375 0.482375 0.729000 0.479250 0.737750 0.453000 0.747125 0.456125
0 0.721961 0.535963 0.713245 0.533349 0.720195 0.510184 0.728911 0.512798
0 0.778750 0.886250 0.761250 0.868750 0.766250 0.863750 0.783750 0.881250
0 0.771500 0.529500 0.765000 0.526250 0.774750 0.506750 0.781250 0.510000
0 0.722246 0.063766 0.713921 0.061546 0.720954 0.035171 0.729279 0.037391
0 0.777601 0.141892 0.770304 0.140676 0.773885 0.119189 0.781182 0.120405
0 0.816875 0.270625 0.811875 0.265625 0.823750 0.253750 0.828750 0.258750
0 0.836250 0.332500 0.831875 0.328125 0.841250 0.318750 0.845625 0.323125
0 0.767500 0.552500 0.761000 0.549250 0.770750 0.529750 0.777250 0.533000
0 0.853125 0.903125 0.839375 0.889375 0.846875 0.881875 0.860625 0.895625
0 0.787000 0.574750 0.780500 0.571500 0.789750 0.553000 0.796250 0.556250
0 0.804100 0.862550 0.792700 0.847350 0.798700 0.842850 0.810100 0.858050
0 0.827875 0.085125 0.819625 0.082375 0.826375 0.062125 0.834625 0.064875
0 0.787442 0.171712 0.781442 0.170962 0.783962 0.150808 0.789962 0.151558
0 0.810000 0.026250 0.803625 0.024125 0.810000 0.005000 0.816375 0.007125
0 0.751411 0.265298 0.743727 0.262993 0.750883 0.239140 0.758567 0.241445
0 0.702425 0.389275 0.694900 0.388200 0.698325 0.364225 0.705850 0.365300
0 0.727575 0.420725 0.719700 0.419600 0.723300 0.394400 0.731175 0.395525
0 0.737851 0.211392 0.728709 0.204743 0.746223 0.180662 0.755365 0.187311
0 0.670000 0.633750 0.658750 0.633750 0.658750 0.608750 0.670000 0.608750
0 0.730385 0.203173 0.723750 0.198750 0.737788 0.177692 0.744423 0.182115
0 0.803750 0.896250 0.796500 0.881750 0.804000 0.878000 0.811250 0.892500
0 0.820165 0.219953 0.811863 0.218396 0.816420 0.194094 0.824722 0.195651
0 0.957250 0.939500 0.945850 0.930950 0.950950 0.924150 0.962350 0.932700
0 0.811298 0.219760 0.801442 0.217788 0.806538 0.192308 0.816394 0.194279
0 0.707555 0.598320 0.697169 0.598175 0.697538 0.571780 0.707924 0.571926
0 0.731435 0.618804 0.724695 0.616578 0.732104 0.594143 0.738845 0.596369
0 0.579399 0.988342 0.571395 0.982739 0.595003 0.949014 0.603006 0.954617
