0 0.526985 0.684559 0.525573 0.678206 0.544235 0.674059 0.545647 0.680412
0 0.701250 0.523750 0.697500 0.516250 0.718500 0.505750 0.722250 0.513250
0 0.596110 0.671762 0.593591 0.664927 0.619543 0.655366 0.622061 0.662201
0 0.780452 0.507490 0.778115 0.498923 0.796519 0.493904 0.798856 0.502471
0 0.553682 0.486810 0.550600 0.478179 0.574038 0.469808 0.577121 0.478439
0 0.520000 0.593750 0.497500 0.593750 0.497500 0.585000 0.520000 0.585000
0 0.589304 0.509691 0.585986 0.501063 0.608937 0.492236 0.612255 0.500863
0 0.690750 0.436500 0.687750 0.430500 0.706750 0.421000 0.709750 0.427000
0 0.599500 0.679000 0.596250 0.672500 0.614250 0.663500 0.617500 0.670000
0 0.861897 0.381662 0.860662 0.376103 0.876941 0.372485 0.878176 0.378044
0 0.662957 0.672866 0.662210 0.666143 0.683476 0.663781 0.684222 0.670503
0 0.864338 0.387353 0.862941 0.381765 0.874412 0.378897 0.875809 0.384485
0 0.830000 0.531250 0.823750 0.531250 0.823750 0.522500 0.830000 0.522500
0 0.865069 0.641021 0.860694 0.632896 0.883802 0.620453 0.888177 0.628578
0 0.647939 0.568885 0.646791 0.561993 0.664426 0.559054 0.665574 0.565946
0 0.861500 0.678000 0.855250 0.665500 0.877750 0.654250 0.884000 0.666750
0 0.955250 0.559500 0.952500 0.551250 0.979500 0.542250 0.982250 0.550500
0 0.444628 0.545270 0.443041 0.535743 0.469595 0.531318 0.471182 0.540845
0 0.926250 0.701250 0.916250 0.701250 0.916250 0.695000 0.926250 0.695000
0 0.460413 0.975183 0.441462 0.960442 0.445769 0.954904 0.464721 0.969644
0 0.320000 0.527500 0.303750 0.527500 0.303750 0.518750 0.320000 0.518750
0 0.571058 0.737788 0.569567 0.730337 0.595529 0.725144 0.597019 0.732596
0 0.683750 0.607500 0.671250 0.607500 0.671250 0.602500 0.683750 0.602500
0 0.775000 0.763750 0.765000 0.763750 0.765000 0.757500 0.775000 0.757500
0 0.914500 0.713500 0.912625 0.707875 0.925375 0.703625 0.927250 0.709250
0 0.500732 1.000000 0.487317 0.993354 0.492073 0.987409 0.505488 0.998140
0 0.974500 0.737250 0.966000 0.733000 0.971250 0.722500 0.979750 0.726750
0 0.340000 0.656250 0.330000 0.656250 0.330000 0.652500 0.340000 0.652500
0 0.635000 0.497500 0.631000 0.489500 0.653500 0.478250 0.657500 0.486250
0 0.706875 0.236875 0.702500 0.232500 0.711250 0.223750 0.715625 0.228125
0 0.558750 0.546250 0.556250 0.538750 0.576875 0.531875 0.579375 0.539375
0 0.750307 0.455448 0.747759 0.446533 0.772524 0.439458 0.775071 0.448373
0 0.678750 0.676250 0.665000 0.676250 0.665000 0.671250 0.678750 0.671250
0 0.918670 0.406399 0.916846 0.400321 0.940356 0.393268 0.942179 0.399346
0 0.643125 0.538125 0.639375 0.534375 0.648750 0.525000 0.652500 0.528750
0 0.920750 0.412750 0.917750 0.406750 0.929750 0.400750 0.932750 0.406750
0 0.529550 0.565650 0.525050 0.559650 0.538250 0.549750 0.542750 0.555750
0 0.461838 0.717353 0.459485 0.707941 0.488015 0.700809 0.490368 0.710221
0 0.571038 0.563632 0.569198 0.557193 0.591651 0.550778 0.593491 0.557217
0 0.466132 0.725212 0.463726 0.716792 0.484198 0.710943 0.486604 0.719363
0 0.648125 0.541875 0.643750 0.537500 0.654375 0.526875 0.658750 0.531250
0 0.872288 0.466132 0.869693 0.457052 0.893137 0.450354 0.895731 0.459434
0 0.347226 0.339970 0.342957 0.334634 0.358049 0.322561 0.362317 0.327896
0 0.887500 0.527500 0.870000 0.527500 0.870000 0.520000 0.887500 0.520000
0 0.705000 0.626250 0.692500 0.626250 0.692500 0.621250 0.705000 0.621250
0 0.849543 0.770884 0.844750 0.760500 0.871622 0.748097 0.876415 0.758482
0 0.755878 0.592848 0.753024 0.579530 0.787341 0.572177 0.790195 0.585494
0 0.390900 0.561200 0.389060 0.551080 0.413150 0.546700 0.414990 0.556820
0 0.169327 0.735865 0.157788 0.718558 0.163558 0.714712 0.175096 0.732019
0 0.443243 0.595709 0.441723 0.586588 0.463615 0.582939 0.465135 0.592061
0 0.388162 0.902527 0.366905 0.887068 0.371122 0.881270 0.392378 0.896730
0 0.338384 0.632043 0.321921 0.630213 0.322820 0.622119 0.339284 0.623948
0 0.750625 0.640625 0.747392 0.633082 0.771078 0.622931 0.774310 0.630474
0 0.809375 0.845625 0.789375 0.825625 0.799375 0.815625 0.819375 0.835625
0 0.774650 0.678800 0.772950 0.666900 0.800775 0.662925 0.802475 0.674825
0 0.964183 0.437164 0.962644 0.429471 0.978269 0.426346 0.979808 0.434039
0 0.415000 0.935000 0.398125 0.918125 0.403125 0.913125 0.420000 0.930000
0 0.480951 0.653189 0.478829 0.643287 0.505719 0.637524 0.507841 0.647427
0 0.469299 0.951189 0.453445 0.938506 0.458201 0.932561 0.474055 0.945244
0 0.657397 0.071446 0.651466 0.052911 0.718380 0.031498 0.724312 0.050033
0 0.518463 0.617723 0.516144 0.608450 0.542442 0.601875 0.544761 0.611149
0 0.577489 0.603438 0.574684 0.595023 0.599022 0.586910 0.601827 0.595325
