0 0.533161 0.079406 0.531550 0.059536 0.600858 0.053917 0.602469 0.073786
0 0.304720 0.342568 0.302315 0.323806 0.367084 0.315502 0.369489 0.334264
0 0.132500 0.627500 0.095000 0.627500 0.095000 0.617500 0.132500 0.617500
0 0.358922 0.703429 0.358217 0.689339 0.432095 0.685645 0.432799 0.699735
0 0.350660 0.754401 0.349441 0.746271 0.379331 0.741788 0.380550 0.749917
0 0.731250 0.485000 0.655000 0.485000 0.655000 0.465000 0.731250 0.465000
0 0.998750 0.185000 0.953750 0.185000 0.953750 0.171250 0.998750 0.171250
0 0.000006 0.486494 0.000000 0.467633 0.066092 0.466010 0.066552 0.484871
0 0.129208 0.881259 0.123938 0.867880 0.181616 0.845159 0.186886 0.858537
0 0.157750 0.881750 0.152500 0.871250 0.175000 0.860000 0.180250 0.870500
