0 0.163750 0.717500 0.152500 0.717500 0.152500 0.713750 0.163750 0.713750
0 0.336250 0.681250 0.322500 0.681250 0.322500 0.675000 0.336250 0.675000
0 0.817412 0.313984 0.814458 0.303856 0.851370 0.293090 0.854324 0.303218
0 0.980600 0.584550 0.964550 0.563150 0.971350 0.558050 0.987400 0.579450
0 0.874462 0.213017 0.873230 0.201305 0.905894 0.197866 0.907127 0.209579
0 0.966352 0.605928 0.944592 0.592537 0.951030 0.582076 0.972790 0.595467
0 0.151250 0.208750 0.101250 0.208750 0.101250 0.200000 0.151250 0.200000
0 0.468250 0.203500 0.455250 0.197000 0.458500 0.190500 0.471500 0.197000
0 0.973750 0.262500 0.943750 0.262500 0.943750 0.253750 0.973750 0.253750
0 0.100000 0.723750 0.080000 0.723750 0.080000 0.718750 0.100000 0.718750
0 0.936663 0.217626 0.934530 0.210516 0.954943 0.204392 0.957076 0.211502
0 0.987522 0.613384 0.979634 0.594978 0.987328 0.591681 0.995215 0.610086
0 0.748125 0.268125 0.742500 0.262500 0.753750 0.251250 0.759375 0.256875
0 0.703462 0.347308 0.694808 0.341538 0.703654 0.328269 0.712308 0.334038
0 0.961712 0.315058 0.918635 0.309673 0.919654 0.301519 0.962731 0.306904
0 0.974375 0.629375 0.963125 0.618125 0.968750 0.612500 0.980000 0.623750
0 0.998750 0.240000 0.980000 0.240000 0.980000 0.228750 0.998750 0.228750
0 0.992262 0.662489 0.976199 0.644819 0.982732 0.638880 0.998795 0.656550
0 0.689559 0.405735 0.684559 0.385735 0.692206 0.383824 0.697206 0.403824
0 0.246564 0.715150 0.213187 0.715150 0.213187 0.707133 0.246564 0.707133
