0 0.070000 0.998750 0.055000 0.998750 0.055000 0.993750 0.070000 0.993750
0 0.009850 0.951450 0.000000 0.941250 0.001650 0.934050 0.015250 0.944250
0 0.056250 0.998750 0.052500 0.998750 0.052500 0.998750 0.056250 0.998750
0 0.042500 0.985000 0.027500 0.977500 0.030750 0.971000 0.045750 0.978500
0 0.010000 0.912500 0.000000 0.905750 0.000250 0.898250 0.013750 0.905000
0 0.062713 0.935671 0.045793 0.922134 0.050793 0.915884 0.067713 0.929421
0 0.044713 0.953026 0.023519 0.941465 0.026481 0.936035 0.047675 0.947596
0 0.256250 0.980000 0.241250 0.965000 0.247500 0.958750 0.262500 0.973750
0 0.042019 0.960096 0.026442 0.949711 0.030288 0.943942 0.045865 0.954327
0 0.171875 0.914375 0.157500 0.900000 0.161250 0.896250 0.175625 0.910625
0 0.164904 0.885481 0.159327 0.877115 0.173173 0.867885 0.178750 0.876250
0 0.009904 0.937019 0.000000 0.927596 0.000385 0.920673 0.014519 0.930096
0 0.159750 1.000000 0.149250 0.995250 0.152250 0.989250 0.162750 0.994500
0 0.036750 0.987750 0.027750 0.983250 0.029750 0.979250 0.038750 0.983750
0 0.307723 0.983990 0.289092 0.977003 0.291866 0.969606 0.310497 0.976592
0 0.223125 0.926875 0.206250 0.910000 0.214375 0.901875 0.231250 0.918750
0 0.213125 0.936875 0.203125 0.926875 0.209375 0.920625 0.219375 0.930625
0 0.295996 0.971316 0.283142 0.956626 0.289071 0.951438 0.301925 0.966128
0 0.068541 0.733145 0.039299 0.700979 0.054044 0.687574 0.083286 0.719740
0 0.273100 1.000000 0.260900 0.993800 0.264500 0.989000 0.276700 0.998150
0 0.009816 0.968860 0.000000 0.951765 0.007647 0.946912 0.017904 0.964007
0 0.040102 0.692623 0.017971 0.666066 0.026824 0.658689 0.048955 0.685246
0 0.267804 0.975574 0.248057 0.961470 0.252365 0.955439 0.272111 0.969544
0 0.156734 0.900077 0.142331 0.885858 0.149593 0.878502 0.163996 0.892720
0 0.206308 0.948510 0.190195 0.932775 0.197610 0.925181 0.213724 0.940916
0 0.189960 0.951358 0.187075 0.932318 0.193329 0.931371 0.196214 0.950411
