0 0.811950 0.943650 0.810775 0.935425 0.852075 0.929525 0.853250 0.937750
0 0.848875 0.699125 0.845875 0.690125 0.872875 0.681125 0.875875 0.690125
0 0.942500 0.965000 0.910000 0.965000 0.910000 0.958750 0.942500 0.958750
0 0.481769 0.976654 0.480846 0.969269 0.514231 0.965096 0.515154 0.972481
0 0.816250 0.812500 0.780000 0.812500 0.780000 0.802500 0.816250 0.802500
0 0.793750 0.961250 0.756250 0.961250 0.756250 0.955000 0.793750 0.955000
0 0.786250 0.888750 0.747500 0.888750 0.747500 0.877500 0.786250 0.877500
0 0.809279 0.996394 0.807692 0.988462 0.841586 0.981683 0.843173 0.989615
0 0.210443 0.286504 0.209368 0.270725 0.290496 0.265193 0.291572 0.280972
0 0.496724 0.876940 0.495552 0.862871 0.522241 0.860647 0.523414 0.874715
0 0.392500 0.998750 0.362500 0.998750 0.362500 0.996250 0.392500 0.996250
0 0.317500 0.916250 0.278750 0.916250 0.278750 0.911250 0.317500 0.911250
0 0.678750 0.868750 0.651250 0.868750 0.651250 0.861250 0.678750 0.861250
0 0.691250 0.957500 0.658750 0.957500 0.658750 0.947500 0.691250 0.947500
0 0.432851 0.841906 0.431814 0.832576 0.464329 0.828963 0.465366 0.838293
0 0.535000 0.910000 0.496250 0.910000 0.496250 0.903750 0.535000 0.903750
0 0.124248 0.962467 0.123507 0.951350 0.157273 0.949099 0.158014 0.960216
0 0.231081 0.991856 0.229476 0.979820 0.271725 0.974187 0.273330 0.986223
0 0.608750 0.931250 0.573750 0.931250 0.573750 0.923750 0.608750 0.923750
0 0.357250 0.910750 0.352750 0.901750 0.382750 0.886750 0.387250 0.895750
0 0.451250 0.973750 0.427500 0.973750 0.427500 0.966250 0.451250 0.966250
0 0.598491 0.984353 0.595819 0.977672 0.611767 0.971293 0.614440 0.977974
0 0.205548 0.875205 0.202808 0.869178 0.221738 0.860574 0.224478 0.866601
0 0.187240 0.969204 0.185326 0.962106 0.204569 0.956917 0.206484 0.964015
0 0.539993 0.999078 0.513275 0.998538 0.513459 0.989413 0.540177 0.989953
