0 0.394694 0.256153 0.359674 0.253964 0.360190 0.245715 0.395209 0.247904
0 0.355096 0.833269 0.342981 0.815096 0.353654 0.807981 0.365769 0.826154
0 0.779358 0.065101 0.778460 0.053873 0.816020 0.050868 0.816918 0.062097
0 0.369057 0.905369 0.352971 0.886065 0.359488 0.880635 0.375574 0.899938
0 0.450238 0.266239 0.449884 0.258815 0.486171 0.257087 0.486524 0.264511
0 0.319253 0.295777 0.318430 0.288369 0.346966 0.285198 0.347790 0.292607
0 0.750034 0.141453 0.748378 0.131520 0.784054 0.125574 0.785709 0.135507
0 0.412750 0.894250 0.402500 0.873750 0.415000 0.867500 0.425250 0.888000
0 0.366250 0.337500 0.332500 0.337500 0.332500 0.330000 0.366250 0.330000
0 0.314250 0.732250 0.306750 0.717250 0.313750 0.713750 0.321250 0.728750
0 0.435317 0.092374 0.433919 0.081894 0.464214 0.077855 0.465611 0.088335
0 0.375096 0.763269 0.363365 0.745673 0.373173 0.739135 0.384904 0.756731
0 0.521050 0.968900 0.509800 0.953900 0.519200 0.946850 0.530450 0.961850
0 0.340577 0.733365 0.327500 0.713750 0.334423 0.709135 0.347500 0.728750
0 0.206250 0.126250 0.203000 0.119750 0.222000 0.110250 0.225250 0.116750
0 0.338405 0.782888 0.332543 0.768233 0.339440 0.765474 0.345302 0.780129
0 0.465000 0.298750 0.428750 0.298750 0.428750 0.288750 0.465000 0.288750
0 0.365905 0.850388 0.357112 0.828405 0.370474 0.823060 0.379267 0.845043
0 0.185550 0.218085 0.183349 0.210745 0.204564 0.204381 0.206766 0.211720
0 0.396250 0.901250 0.386250 0.901250 0.386250 0.883750 0.396250 0.883750
0 0.387405 0.352318 0.385703 0.341534 0.415551 0.336821 0.417253 0.347605
0 0.382625 0.830375 0.376750 0.812750 0.390625 0.808125 0.396500 0.825750
0 0.656622 0.213480 0.654324 0.199696 0.690405 0.193682 0.692703 0.207466
0 0.452500 0.903750 0.444625 0.880125 0.453250 0.877250 0.461125 0.900875
0 0.521113 0.349936 0.516588 0.337491 0.539872 0.329024 0.544398 0.341469
0 0.413582 0.939936 0.404871 0.920335 0.414613 0.916005 0.423325 0.935606
0 0.550000 0.395000 0.545000 0.395000 0.545000 0.387500 0.550000 0.387500
0 0.610160 0.285439 0.606991 0.268533 0.645632 0.261288 0.648802 0.278193
0 0.421900 0.965800 0.418025 0.938675 0.434125 0.936375 0.438000 0.963500
0 0.556250 0.428750 0.551875 0.424375 0.561250 0.415000 0.565625 0.419375
0 0.209849 0.312412 0.169849 0.309912 0.170336 0.302130 0.210336 0.304630
0 0.272500 0.652500 0.258750 0.638750 0.263750 0.633750 0.277500 0.647500
0 0.818750 0.303750 0.803750 0.303750 0.803750 0.297500 0.818750 0.297500
0 0.241250 0.662500 0.225625 0.646875 0.231875 0.640625 0.247500 0.656250
0 0.654088 0.293277 0.652061 0.281115 0.682872 0.275980 0.684899 0.288142
0 0.451500 0.968000 0.442000 0.949000 0.452500 0.943750 0.462000 0.962750
0 0.578361 0.393217 0.569508 0.385840 0.575861 0.378217 0.584713 0.385594
0 0.704375 0.289375 0.699375 0.284375 0.709375 0.274375 0.714375 0.279375
0 0.445000 1.000000 0.435000 0.981250 0.445500 0.976000 0.455500 0.996000
0 0.601875 0.408125 0.597500 0.403750 0.603750 0.397500 0.608125 0.401875
0 0.794375 0.378125 0.789375 0.373125 0.796875 0.365625 0.801875 0.370625
0 0.291875 0.664375 0.280000 0.652500 0.284375 0.648125 0.296250 0.660000
0 0.229730 0.584122 0.214611 0.562956 0.221588 0.557973 0.236706 0.579139
0 0.069634 0.314978 0.066078 0.306681 0.090970 0.296013 0.094526 0.304310
0 0.518250 1.000000 0.509250 0.983500 0.521250 0.977500 0.530250 0.995500
0 0.364052 0.740129 0.357155 0.722888 0.364483 0.719957 0.371379 0.737198
0 0.501596 0.128731 0.496904 0.120519 0.520192 0.107212 0.524885 0.115423
0 0.331250 0.797500 0.320625 0.786875 0.326250 0.781250 0.336875 0.791875
0 0.541860 0.993262 0.528201 0.976189 0.536433 0.969604 0.550092 0.986677
0 0.318000 0.757750 0.308700 0.745350 0.314700 0.740850 0.324000 0.753250
0 0.535000 0.160000 0.496250 0.160000 0.496250 0.152500 0.535000 0.152500
0 0.400500 0.797250 0.390250 0.776750 0.397750 0.773000 0.408000 0.793500
0 0.480287 0.226228 0.479662 0.218103 0.513309 0.215515 0.513934 0.223640
0 0.422888 0.841595 0.412284 0.815086 0.422414 0.811034 0.433017 0.837543
0 0.598922 0.234569 0.595819 0.227328 0.611358 0.220668 0.614461 0.227910
0 0.318750 0.336250 0.282500 0.336250 0.282500 0.326250 0.318750 0.326250
0 0.547500 0.248750 0.513750 0.248750 0.513750 0.238750 0.547500 0.238750
0 0.477211 0.850192 0.460481 0.825096 0.468269 0.819904 0.485000 0.845000
0 0.531515 0.265941 0.530919 0.258199 0.570875 0.255125 0.571471 0.262868
0 0.478060 0.895776 0.471164 0.878535 0.478491 0.875603 0.485388 0.892845
0 0.407500 0.288750 0.368750 0.288750 0.368750 0.280000 0.407500 0.280000
0 0.239439 0.296549 0.236988 0.285110 0.261915 0.279768 0.264366 0.291207
0 0.450000 0.223750 0.427500 0.223750 0.427500 0.216250 0.450000 0.216250
0 0.378673 0.801701 0.371405 0.785348 0.377668 0.782564 0.384936 0.798918
0 0.358667 0.159351 0.353597 0.150224 0.380873 0.135071 0.385943 0.144198
0 0.297561 0.760574 0.285574 0.746188 0.291844 0.740963 0.303832 0.755348
0 0.123464 0.213195 0.122082 0.201446 0.159215 0.197078 0.160597 0.208827
0 0.356875 0.813125 0.338750 0.795000 0.346250 0.787500 0.364375 0.805625
0 0.608750 0.182500 0.573750 0.182500 0.573750 0.173750 0.608750 0.173750
0 0.394057 0.860448 0.388443 0.840802 0.400660 0.837311 0.406274 0.856957
0 0.491700 0.318100 0.491054 0.306469 0.519923 0.304865 0.520569 0.316496
0 0.453750 0.923750 0.444000 0.904250 0.455000 0.898750 0.464750 0.918250
0 0.651555 0.120514 0.650869 0.110920 0.678318 0.108959 0.679004 0.118553
0 0.419222 0.865401 0.414033 0.847240 0.421958 0.844976 0.427146 0.863137
0 0.578115 0.308827 0.541654 0.304269 0.542712 0.295808 0.579173 0.300365
0 0.503015 0.927059 0.500074 0.915294 0.505662 0.913897 0.508603 0.925662
0 0.589650 0.317550 0.588150 0.307050 0.613350 0.303450 0.614850 0.313950
0 0.466250 0.998750 0.448125 0.980625 0.459375 0.969375 0.477500 0.987500
0 0.811716 0.191925 0.810887 0.184051 0.851945 0.179729 0.852774 0.187603
0 0.218750 0.261250 0.193750 0.261250 0.193750 0.255000 0.218750 0.255000
0 0.491250 0.988750 0.481000 0.968250 0.494500 0.961500 0.504750 0.982000
0 0.795000 0.212500 0.758750 0.212500 0.758750 0.205000 0.795000 0.205000
0 0.240192 0.612788 0.227500 0.593750 0.233558 0.589711 0.246250 0.608750
0 0.268125 0.695625 0.252500 0.680000 0.257500 0.675000 0.273125 0.690625
0 0.217404 0.605481 0.199365 0.595173 0.205288 0.584808 0.223327 0.595115
0 0.297500 0.723750 0.281250 0.707500 0.286250 0.702500 0.302500 0.718750
0 0.570000 0.350000 0.543750 0.350000 0.543750 0.341250 0.570000 0.341250
0 0.501250 0.970000 0.491500 0.950500 0.499000 0.946750 0.508750 0.966250
0 0.809632 0.246471 0.807956 0.238926 0.840515 0.231691 0.842191 0.239235
0 0.672500 0.340000 0.653750 0.340000 0.653750 0.331250 0.672500 0.331250
0 0.941250 0.216250 0.911250 0.216250 0.911250 0.208750 0.941250 0.208750
0 0.225900 0.628800 0.212300 0.618600 0.217700 0.611400 0.231300 0.621600
0 0.291168 0.729652 0.276824 0.712439 0.282971 0.707316 0.297316 0.724529
0 0.276319 0.645062 0.261885 0.632072 0.265988 0.627514 0.280421 0.640504
0 0.311250 0.712500 0.295000 0.696250 0.300000 0.691250 0.316250 0.707500
0 0.279881 0.166947 0.279808 0.161725 0.296708 0.161487 0.296781 0.166709
0 0.230332 0.241829 0.229347 0.229846 0.271412 0.226389 0.272397 0.238371
0 0.315623 0.705584 0.298489 0.691810 0.303380 0.685725 0.320515 0.699500
0 0.356611 0.766312 0.344705 0.746087 0.350854 0.742467 0.362761 0.762691
0 0.351275 0.771291 0.338526 0.752479 0.345432 0.747799 0.358181 0.766611
0 0.336960 0.704734 0.329841 0.693492 0.335283 0.690046 0.342402 0.701287
0 0.432302 0.922147 0.418628 0.904108 0.425500 0.898899 0.439174 0.916938
0 0.423826 0.927760 0.410304 0.910733 0.418028 0.904599 0.431550 0.921627
0 0.473297 0.963813 0.458181 0.947202 0.464618 0.941344 0.479734 0.957955
0 0.480121 0.958826 0.465946 0.942404 0.472980 0.936332 0.487155 0.952754
0 0.488957 0.954800 0.475726 0.939559 0.481731 0.934346 0.494962 0.949586
0 0.497768 0.951829 0.482292 0.934724 0.488714 0.928914 0.504190 0.946019
