0 0.935061 0.985701 0.879759 0.949918 0.886970 0.938774 0.942271 0.974558
0 0.598375 0.858625 0.569500 0.849000 0.572500 0.840000 0.601375 0.849625
0 0.460000 0.850000 0.421250 0.850000 0.421250 0.836250 0.460000 0.836250
0 0.001000 1.000000 0.000000 0.986250 0.018250 0.974000 0.025500 0.988500
0 0.367363 0.860015 0.365595 0.844101 0.407713 0.839421 0.409482 0.855335
0 0.507500 0.965000 0.495000 0.965000 0.495000 0.958750 0.507500 0.958750
0 0.672885 0.883077 0.637788 0.876058 0.639856 0.865721 0.674952 0.872740
0 0.680236 0.872331 0.647804 0.866926 0.649730 0.855372 0.682162 0.860777
0 0.330129 0.863448 0.327371 0.856552 0.350431 0.847328 0.353190 0.854224
0 0.695000 0.962500 0.653750 0.962500 0.653750 0.948750 0.695000 0.948750
0 0.317375 0.859625 0.314625 0.851375 0.343125 0.841875 0.345875 0.850125
0 0.420000 0.963750 0.378750 0.963750 0.378750 0.957500 0.420000 0.957500
0 0.639181 0.871078 0.613836 0.860216 0.617910 0.850711 0.643254 0.861573
0 0.542500 0.843750 0.512500 0.843750 0.512500 0.830000 0.542500 0.830000
0 0.312500 0.866250 0.276250 0.866250 0.276250 0.857500 0.312500 0.857500
0 0.161538 1.000000 0.156923 0.997885 0.170192 0.989038 0.174808 0.995961
0 0.179887 0.898793 0.176728 0.890465 0.221720 0.873399 0.224879 0.881727
0 0.584247 0.996593 0.569452 0.991045 0.572123 0.983921 0.586918 0.989469
0 0.534978 0.854634 0.513103 0.845259 0.517177 0.835754 0.539052 0.845129
0 0.811326 0.926310 0.745629 0.904262 0.750844 0.888724 0.816540 0.910773
0 0.127194 0.925537 0.123722 0.918806 0.149111 0.905711 0.152583 0.912442
0 0.029274 0.984291 0.024918 0.977805 0.044980 0.964331 0.049336 0.970817
