0 0.557012 0.760610 0.533994 0.742195 0.543140 0.730762 0.566159 0.749177
0 0.511250 0.931250 0.497500 0.917500 0.504375 0.910625 0.518125 0.924375
0 0.458750 0.245000 0.451250 0.245000 0.451250 0.223750 0.458750 0.223750
0 0.476158 0.096972 0.469507 0.094977 0.475872 0.073761 0.482523 0.075757
0 0.530441 0.234485 0.518088 0.231397 0.525074 0.203456 0.537427 0.206544
0 0.516721 0.432684 0.509836 0.426947 0.521516 0.412930 0.528402 0.418668
0 0.611250 0.283750 0.588750 0.283750 0.588750 0.277500 0.611250 0.277500
0 0.496500 0.666750 0.486500 0.646750 0.495000 0.642500 0.505000 0.662500
0 0.752350 0.925200 0.727150 0.906300 0.733300 0.898100 0.758500 0.917000
0 0.571750 0.066500 0.564250 0.062750 0.573750 0.043750 0.581250 0.047500
0 0.543066 0.291569 0.535237 0.288723 0.543887 0.264936 0.551715 0.267783
0 0.508491 0.155647 0.500517 0.152457 0.508793 0.131767 0.516767 0.134957
0 0.473879 0.162198 0.464224 0.158060 0.475086 0.132716 0.484741 0.136853
0 0.504125 0.298875 0.489500 0.294000 0.499000 0.265500 0.513625 0.270375
0 0.488375 0.294875 0.479000 0.291750 0.487750 0.265500 0.497125 0.268625
0 0.471961 0.348463 0.463245 0.345849 0.470195 0.322684 0.478911 0.325298
0 0.528750 0.698750 0.511250 0.681250 0.516250 0.676250 0.533750 0.693750
0 0.521500 0.342000 0.515000 0.338750 0.524750 0.319250 0.531250 0.322500
0 0.566875 0.083125 0.561875 0.078125 0.573750 0.066250 0.578750 0.071250
0 0.586250 0.145000 0.581875 0.140625 0.591250 0.131250 0.595625 0.135625
0 0.517500 0.365000 0.511000 0.361750 0.520750 0.342250 0.527250 0.345500
0 0.603125 0.715625 0.589375 0.701875 0.596875 0.694375 0.610625 0.708125
0 0.537000 0.387250 0.530500 0.384000 0.539750 0.365500 0.546250 0.368750
0 0.554100 0.675050 0.542700 0.659850 0.548700 0.655350 0.560100 0.670550
0 0.501411 0.077798 0.493727 0.075493 0.500883 0.051640 0.508567 0.053945
0 0.452425 0.201775 0.444900 0.200700 0.448325 0.176725 0.455850 0.177800
0 0.477575 0.233225 0.469700 0.232100 0.473300 0.206900 0.481175 0.208025
0 0.487851 0.023892 0.478709 0.017243 0.494277 0.000000 0.503419 0.002486
0 0.420000 0.446250 0.408750 0.446250 0.408750 0.421250 0.420000 0.421250
0 0.480385 0.015673 0.473750 0.011250 0.483942 0.000000 0.490577 0.000385
0 0.553750 0.708750 0.546500 0.694250 0.554000 0.690500 0.561250 0.705000
0 0.570165 0.032453 0.561863 0.030896 0.566420 0.006594 0.574722 0.008151
0 0.707250 0.752000 0.695850 0.743450 0.700950 0.736650 0.712350 0.745200
0 0.561298 0.032260 0.551442 0.030288 0.556538 0.004808 0.566394 0.006779
0 0.456714 0.410672 0.447444 0.410220 0.448738 0.383679 0.458009 0.384132
0 0.481904 0.430110 0.475385 0.428007 0.482167 0.406981 0.488686 0.409084
0 0.327688 0.801114 0.319560 0.794710 0.345713 0.761517 0.353840 0.767921
