0 0.191073 0.035259 0.189025 0.018062 0.261246 0.009465 0.263293 0.026662
0 0.558148 0.216921 0.554523 0.189372 0.638787 0.178285 0.642412 0.205834
0 0.756554 0.319426 0.748446 0.318074 0.752635 0.292939 0.760743 0.294291
0 0.834112 0.463203 0.824606 0.440626 0.885462 0.415003 0.894968 0.437579
0 0.476291 0.600799 0.470734 0.577180 0.542705 0.560246 0.548262 0.583865
0 0.061048 0.239562 0.058137 0.224283 0.096909 0.216898 0.099819 0.232177
0 0.245038 0.221497 0.237203 0.202888 0.302138 0.175547 0.309974 0.194156
0 0.894559 0.030674 0.889074 0.021269 0.909048 0.009618 0.914534 0.019022
0 0.712500 0.015000 0.645000 0.015000 0.645000 0.000000 0.712500 0.000000
0 0.754501 0.529923 0.751678 0.517690 0.774410 0.512444 0.777233 0.524677
0 0.671486 0.818755 0.667215 0.805089 0.706931 0.792678 0.711201 0.806343
0 0.666750 0.879750 0.659750 0.865750 0.687250 0.852000 0.694250 0.866000
0 0.295000 1.000000 0.293015 0.992059 0.312721 0.987132 0.314706 0.995074
