0 0.525000 0.183750 0.503125 0.161875 0.513750 0.151250 0.535625 0.173125
0 0.703750 0.761250 0.688750 0.746250 0.696250 0.738750 0.711250 0.753750
0 0.595000 0.195000 0.586250 0.195000 0.586250 0.171250 0.595000 0.171250
0 0.415233 0.102793 0.412836 0.074034 0.420181 0.073422 0.422578 0.102181
0 0.495221 0.214632 0.489044 0.189927 0.502279 0.186618 0.508456 0.211324
0 0.718250 0.777250 0.702750 0.769500 0.705500 0.764000 0.721000 0.771750
0 0.576550 0.194600 0.573700 0.174650 0.583500 0.173250 0.586350 0.193200
0 0.462500 0.140000 0.452500 0.140000 0.452500 0.112500 0.462500 0.112500
0 0.728750 0.451250 0.718750 0.451250 0.718750 0.432500 0.728750 0.432500
0 0.510541 0.084493 0.507432 0.065845 0.522027 0.063412 0.525135 0.082061
0 0.906897 0.745991 0.903965 0.738664 0.919698 0.732371 0.922629 0.739698
0 0.444750 0.169250 0.438625 0.150875 0.447625 0.147875 0.453750 0.166250
0 0.432500 0.128750 0.426250 0.128750 0.426250 0.105000 0.432500 0.105000
0 0.542647 0.086912 0.533824 0.084706 0.538529 0.065882 0.547353 0.068088
0 0.966346 0.766731 0.956827 0.760385 0.961635 0.753173 0.971154 0.759519
0 0.567279 0.175368 0.560588 0.148603 0.572647 0.145588 0.579338 0.172353
0 0.747000 0.787250 0.729000 0.778250 0.733000 0.770250 0.751000 0.779250
0 0.536250 0.222500 0.525000 0.222500 0.525000 0.205000 0.536250 0.205000
0 0.557155 0.196638 0.549138 0.176595 0.562069 0.171422 0.570086 0.191466
0 0.766250 0.810000 0.744750 0.799250 0.749250 0.790250 0.770750 0.801000
0 0.547744 0.249055 0.533841 0.231677 0.539634 0.227043 0.553537 0.244421
0 0.598750 0.261250 0.588750 0.261250 0.588750 0.242500 0.598750 0.242500
0 0.566923 0.339135 0.554038 0.319808 0.560385 0.315577 0.573269 0.334904
0 0.581250 0.266250 0.567500 0.266250 0.567500 0.237500 0.581250 0.237500
0 0.591875 0.323125 0.575625 0.306875 0.583125 0.299375 0.599375 0.315625
0 0.593000 0.356000 0.583500 0.337000 0.593000 0.332250 0.602500 0.351250
0 0.445000 0.028750 0.438750 0.028750 0.438750 0.011250 0.445000 0.011250
0 0.612500 0.382500 0.603750 0.382500 0.603750 0.361250 0.612500 0.361250
0 0.695000 0.397500 0.686250 0.397500 0.686250 0.380000 0.695000 0.380000
0 0.401962 0.039442 0.398827 0.014365 0.409596 0.013019 0.412731 0.038096
0 0.627750 0.329250 0.619500 0.312750 0.626000 0.309500 0.634250 0.326000
0 0.561250 0.278750 0.553750 0.263750 0.558250 0.261500 0.565750 0.276500
0 0.616250 0.322500 0.606250 0.322500 0.606250 0.301250 0.616250 0.301250
0 0.634044 0.392574 0.621250 0.371250 0.630257 0.365846 0.643051 0.387169
0 0.670250 0.405500 0.663000 0.391000 0.669500 0.387750 0.676750 0.402250
0 0.667500 0.361250 0.663456 0.345074 0.670515 0.343309 0.674559 0.359485
0 0.633846 0.417019 0.619423 0.395385 0.629808 0.388461 0.644231 0.410096
0 0.465500 0.192250 0.455000 0.171250 0.462500 0.167500 0.473000 0.188500
0 0.795500 0.568500 0.773618 0.542971 0.783603 0.534412 0.805485 0.559941
0 0.387601 0.069392 0.381520 0.068378 0.384899 0.048108 0.390980 0.049122
0 0.943750 0.792500 0.927500 0.776250 0.935000 0.768750 0.951250 0.785000
0 0.489000 0.188250 0.483375 0.171375 0.492000 0.168500 0.497625 0.185375
0 0.828017 0.604957 0.800500 0.574000 0.811052 0.564621 0.838569 0.595578
0 0.551250 0.111250 0.542500 0.111250 0.542500 0.088750 0.551250 0.088750
0 0.987295 0.822254 0.973668 0.805902 0.979078 0.801393 0.992705 0.817746
0 0.532500 0.198750 0.521250 0.198750 0.521250 0.180000 0.532500 0.180000
0 0.796250 0.857500 0.777500 0.851250 0.779750 0.844500 0.798500 0.850750
0 0.543625 0.265875 0.538375 0.250125 0.546250 0.247500 0.551500 0.263250
0 0.516067 0.237695 0.508727 0.235493 0.514748 0.215424 0.522087 0.217626
0 0.898676 0.954706 0.864853 0.934412 0.872243 0.922096 0.906066 0.942390
0 0.560250 0.233000 0.549500 0.211500 0.559500 0.206500 0.570250 0.228000
0 0.446846 0.076019 0.443596 0.050019 0.459288 0.048058 0.462538 0.074058
0 0.864570 0.640266 0.841086 0.620697 0.848258 0.612090 0.871742 0.631660
0 0.558904 0.131691 0.557193 0.112869 0.566547 0.112018 0.568258 0.130840
0 0.430000 0.073750 0.412500 0.073750 0.412500 0.047500 0.430000 0.047500
0 0.455475 0.109575 0.452050 0.085600 0.463775 0.083925 0.467200 0.107900
0 0.886537 0.655656 0.868586 0.640697 0.875041 0.632951 0.892992 0.647910
0 0.552059 0.148235 0.548677 0.134706 0.555441 0.133015 0.558824 0.146544
0 0.726783 0.761152 0.705017 0.749432 0.708790 0.742426 0.730556 0.754146
0 0.523480 0.258378 0.520541 0.240743 0.529459 0.239257 0.532399 0.256892
0 0.634750 0.729500 0.622500 0.705000 0.629500 0.701500 0.641750 0.726000
0 0.597500 0.235000 0.588750 0.217500 0.596250 0.213750 0.605000 0.231250
0 0.358000 0.118500 0.350000 0.102500 0.357500 0.098750 0.365500 0.114750
0 0.621250 0.698750 0.612750 0.681750 0.620750 0.677750 0.629250 0.694750
0 0.625000 0.257500 0.616250 0.257500 0.616250 0.233750 0.625000 0.233750
0 0.547348 0.289037 0.530034 0.264797 0.538547 0.258716 0.555861 0.282956
0 0.637500 0.301250 0.625000 0.301250 0.625000 0.272500 0.637500 0.272500
0 0.553750 0.312500 0.541250 0.312500 0.541250 0.288750 0.553750 0.288750
0 0.422500 0.016250 0.415000 0.016250 0.415000 0.001250 0.422500 0.001250
0 0.686250 0.377500 0.678250 0.361500 0.684750 0.358250 0.692750 0.374250
0 0.602759 0.413147 0.592069 0.386422 0.604353 0.381509 0.615043 0.408233
0 0.657000 0.366500 0.648750 0.350000 0.655250 0.346750 0.663500 0.363250
0 0.644500 0.440250 0.634250 0.419750 0.642250 0.415750 0.652500 0.436250
0 0.569726 0.307397 0.558853 0.283476 0.570154 0.278339 0.581027 0.302260
0 0.582500 0.366250 0.573750 0.366250 0.573750 0.347500 0.582500 0.347500
0 0.575221 0.335882 0.558368 0.316221 0.563309 0.311985 0.580162 0.331647
0 0.620000 0.356250 0.613750 0.356250 0.613750 0.337500 0.620000 0.337500
0 0.647250 0.369500 0.638750 0.352500 0.647250 0.348250 0.655750 0.365250
0 0.668500 0.428250 0.660750 0.412750 0.669250 0.408500 0.677000 0.424000
0 0.655037 0.392978 0.645221 0.376618 0.651838 0.372647 0.661654 0.389007
0 0.686639 0.415201 0.677087 0.398007 0.686745 0.392642 0.696297 0.409835
0 0.369611 0.038617 0.363333 0.015883 0.369290 0.014238 0.375567 0.036972
0 0.477874 0.103227 0.462546 0.080840 0.472385 0.074103 0.487713 0.096490
0 0.477891 0.163479 0.467679 0.139285 0.478475 0.134728 0.488686 0.158922
0 0.488464 0.157922 0.480060 0.137636 0.487429 0.134583 0.495833 0.154869
0 0.704496 0.420319 0.701976 0.403222 0.712142 0.401724 0.714662 0.418821
0 0.687544 0.438615 0.680772 0.421200 0.689682 0.417735 0.696454 0.435150
0 0.602778 0.300122 0.593523 0.299689 0.594446 0.279926 0.603702 0.280359
0 0.879263 0.763139 0.859409 0.745593 0.865127 0.739123 0.884981 0.756668
0 0.893322 0.740524 0.883694 0.726711 0.889516 0.722653 0.899144 0.736466
0 0.862974 0.625042 0.835998 0.602295 0.840548 0.596900 0.867523 0.619647
0 0.914513 0.772904 0.900808 0.752467 0.907580 0.747925 0.921285 0.768362
0 0.909121 0.781749 0.892397 0.759703 0.900997 0.753179 0.917721 0.775225
0 0.572197 0.611734 0.540656 0.567948 0.551132 0.560401 0.582672 0.604187
0 0.600227 0.652563 0.575726 0.616195 0.586433 0.608983 0.610933 0.645351
0 0.944535 0.821669 0.929287 0.808269 0.937329 0.799118 0.952578 0.812518
0 0.532822 0.124418 0.523880 0.124099 0.524823 0.097700 0.533765 0.098019
0 0.513972 0.118725 0.513503 0.097617 0.524020 0.097383 0.524489 0.118491
0 0.514447 0.125718 0.504854 0.125654 0.505040 0.097782 0.514633 0.097846
0 0.504334 0.128002 0.497752 0.127610 0.499177 0.103718 0.505758 0.104110
0 0.475239 0.040959 0.455451 0.021528 0.464332 0.012483 0.484120 0.031915
0 0.496269 0.041772 0.467177 0.015306 0.474705 0.007031 0.503797 0.033497
0 0.499793 0.028509 0.478629 0.009554 0.485224 0.002190 0.506388 0.021146
