0 0.548529 0.772132 0.527904 0.737757 0.538566 0.731360 0.559191 0.765735
0 0.593300 0.680650 0.572450 0.652850 0.582650 0.645200 0.603500 0.673000
0 0.604734 0.673286 0.584462 0.648509 0.592766 0.641714 0.613038 0.666491
0 0.994000 0.579500 0.977000 0.571000 0.979750 0.565500 0.996750 0.574000
0 0.385335 0.293232 0.356799 0.290061 0.357957 0.279634 0.386494 0.282805
0 0.636403 0.168715 0.607057 0.150181 0.611601 0.142985 0.640948 0.161520
0 0.659426 0.722804 0.640270 0.709122 0.647534 0.698953 0.666689 0.712635
0 0.782280 0.869118 0.777794 0.851177 0.786324 0.849044 0.790809 0.866985
0 0.742500 0.810000 0.725000 0.810000 0.725000 0.801250 0.742500 0.801250
0 0.886875 0.546875 0.871875 0.531875 0.878750 0.525000 0.893750 0.540000
0 0.905250 0.272000 0.882750 0.260750 0.887250 0.251750 0.909750 0.263000
0 0.951743 0.333709 0.924513 0.325331 0.927541 0.315493 0.954770 0.323872
0 0.998750 0.266250 0.992500 0.266250 0.992500 0.258750 0.998750 0.258750
