0 0.807012 0.760610 0.783994 0.742195 0.793140 0.730762 0.816159 0.749177
0 0.761250 0.931250 0.747500 0.917500 0.754375 0.910625 0.768125 0.924375
0 0.708750 0.245000 0.701250 0.245000 0.701250 0.223750 0.708750 0.223750
0 0.726158 0.096972 0.719507 0.094977 0.725872 0.073761 0.732523 0.075757
0 0.780441 0.234485 0.768088 0.231397 0.775073 0.203456 0.787426 0.206544
0 0.766721 0.432684 0.759836 0.426947 0.771516 0.412930 0.778402 0.418668
0 0.861250 0.283750 0.838750 0.283750 0.838750 0.277500 0.861250 0.277500
0 0.746500 0.666750 0.736500 0.646750 0.745000 0.642500 0.755000 0.662500
0 0.998628 0.922653 0.977439 0.905701 0.982439 0.899451 1.000000 0.916403
0 0.821750 0.066500 0.814250 0.062750 0.823750 0.043750 0.831250 0.047500
0 0.793066 0.291569 0.785237 0.288723 0.793887 0.264936 0.801715 0.267783
0 0.758491 0.155647 0.750517 0.152457 0.758793 0.131767 0.766767 0.134957
0 0.723879 0.162198 0.714224 0.158060 0.725086 0.132716 0.734741 0.136853
0 0.754125 0.298875 0.739500 0.294000 0.749000 0.265500 0.763625 0.270375
0 0.738375 0.294875 0.729000 0.291750 0.737750 0.265500 0.747125 0.268625
0 0.721961 0.348463 0.713245 0.345849 0.720195 0.322683 0.728911 0.325298
0 0.778750 0.698750 0.761250 0.681250 0.766250 0.676250 0.783750 0.693750
0 0.771500 0.342000 0.765000 0.338750 0.774750 0.319250 0.781250 0.322500
0 0.816875 0.083125 0.811875 0.078125 0.823750 0.066250 0.828750 0.071250
0 0.836250 0.145000 0.831875 0.140625 0.841250 0.131250 0.845625 0.135625
0 0.767500 0.365000 0.761000 0.361750 0.770750 0.342250 0.777250 0.345500
0 0.853125 0.715625 0.839375 0.701875 0.846875 0.694375 0.860625 0.708125
0 0.787000 0.387250 0.780500 0.384000 0.789750 0.365500 0.796250 0.368750
0 0.804100 0.675050 0.792700 0.659850 0.798700 0.655350 0.810100 0.670550
0 0.751411 0.077798 0.743727 0.075493 0.750883 0.051640 0.758567 0.053945
0 0.702425 0.201775 0.694900 0.200700 0.698325 0.176725 0.705850 0.177800
0 0.727575 0.233225 0.719700 0.232100 0.723300 0.206900 0.731175 0.208025
0 0.737851 0.023892 0.728709 0.017243 0.744277 0.000000 0.753419 0.002486
0 0.670000 0.446250 0.658750 0.446250 0.658750 0.421250 0.670000 0.421250
0 0.730385 0.015673 0.723750 0.011250 0.733942 0.000000 0.740577 0.000385
0 0.803750 0.708750 0.796500 0.694250 0.804000 0.690500 0.811250 0.705000
0 0.820165 0.032453 0.811863 0.030896 0.816420 0.006594 0.824722 0.008151
0 0.957250 0.752000 0.945850 0.743450 0.950950 0.736650 0.962350 0.745200
0 0.811298 0.032260 0.801442 0.030288 0.806538 0.004808 0.816394 0.006779
0 0.707853 0.409074 0.697967 0.408954 0.698274 0.383814 0.708159 0.383935
0 0.732323 0.430130 0.725156 0.427834 0.731920 0.406723 0.739086 0.409019
0 0.200397 0.962494 0.167747 0.962299 0.167809 0.951957 0.200459 0.952152
0 0.026417 0.952833 0.013305 0.951804 0.013888 0.944372 0.027000 0.945401
0 0.087960 0.953853 0.087126 0.947877 0.097151 0.946478 0.097985 0.952454
0 0.584506 0.795791 0.576739 0.791150 0.594315 0.761733 0.602082 0.766374
