0 0.046875 0.711875 0.033125 0.698125 0.038750 0.692500 0.052500 0.706250
0 0.218344 0.972449 0.196096 0.954968 0.202516 0.946798 0.224763 0.964278
0 0.018750 0.597500 0.011250 0.597500 0.011250 0.582500 0.018750 0.582500
0 0.013750 0.316250 0.000000 0.316250 0.000000 0.282500 0.013750 0.282500
0 0.039038 0.802308 0.027692 0.785288 0.034615 0.780673 0.045961 0.797692
0 0.017500 0.088750 0.010000 0.088750 0.010000 0.062500 0.017500 0.062500
0 0.095000 0.183750 0.088750 0.183750 0.088750 0.165000 0.095000 0.165000
0 0.051250 0.133750 0.045000 0.133750 0.045000 0.118750 0.051250 0.118750
0 0.062534 0.208547 0.054223 0.207162 0.058007 0.184459 0.066318 0.185845
0 0.040000 0.373750 0.032500 0.373750 0.032500 0.351250 0.040000 0.351250
0 0.082059 0.581985 0.079191 0.570515 0.085368 0.568971 0.088235 0.580441
0 0.040020 0.842372 0.028399 0.826392 0.035385 0.821311 0.047007 0.837291
0 0.080358 0.064399 0.063476 0.061733 0.068767 0.028226 0.085649 0.030892
0 0.094327 0.758365 0.081250 0.738750 0.093077 0.730865 0.106154 0.750481
0 0.043707 0.408017 0.035638 0.407345 0.037526 0.384690 0.045595 0.385362
0 0.016635 0.476827 0.013788 0.454058 0.021635 0.453077 0.024481 0.475846
0 0.232500 0.840000 0.226750 0.828500 0.233250 0.825250 0.239000 0.836750
0 0.097375 0.207875 0.090250 0.205500 0.095375 0.190125 0.102500 0.192500
0 0.015000 0.186250 0.006250 0.186250 0.006250 0.151250 0.015000 0.151250
0 0.133750 0.131250 0.127500 0.131250 0.127500 0.122500 0.133750 0.122500
0 0.113750 0.116250 0.107500 0.116250 0.107500 0.103750 0.113750 0.103750
0 0.121250 0.165000 0.113750 0.165000 0.113750 0.150000 0.121250 0.150000
0 0.080000 0.105000 0.071250 0.105000 0.071250 0.082500 0.080000 0.082500
0 0.122500 0.147500 0.116250 0.147500 0.116250 0.137500 0.122500 0.137500
0 0.038665 0.247702 0.029654 0.245622 0.035935 0.218408 0.044945 0.220487
0 0.044921 0.247892 0.038744 0.246250 0.044883 0.223156 0.051060 0.224798
0 0.052545 0.249478 0.044404 0.246930 0.051900 0.222975 0.060041 0.225522
0 0.009500 0.874820 0.000000 0.857573 0.006858 0.853415 0.016750 0.870662
0 0.018145 0.997130 0.003955 0.981834 0.010799 0.975485 0.024989 0.990781
