0 0.157500 0.747500 0.153750 0.740000 0.169250 0.732250 0.173000 0.739750
0 0.078125 0.604375 0.049375 0.575625 0.058750 0.566250 0.087500 0.595000
0 0.015673 0.809615 0.000000 0.797115 0.001923 0.789615 0.020673 0.802115
0 0.306250 0.845000 0.293125 0.831875 0.297500 0.827500 0.310625 0.840625
0 0.128125 0.760625 0.110000 0.742500 0.115625 0.736875 0.133750 0.755000
0 0.238125 0.821875 0.223750 0.807500 0.228750 0.802500 0.243125 0.816875
0 0.192500 0.792500 0.176875 0.776875 0.185000 0.768750 0.200625 0.784375
0 0.150500 0.954000 0.118500 0.938000 0.124750 0.925500 0.156750 0.941500
0 0.260625 0.809375 0.249375 0.798125 0.254375 0.793125 0.265625 0.804375
0 0.115112 0.641905 0.090440 0.619974 0.098371 0.611052 0.123043 0.632983
0 0.282043 0.871517 0.265491 0.852896 0.272862 0.846345 0.289414 0.864966
0 0.136824 0.655061 0.118504 0.639795 0.124652 0.632418 0.142971 0.647684
0 0.045908 0.857997 0.027825 0.851216 0.030394 0.844366 0.048476 0.851147
0 0.343750 0.898750 0.326875 0.881875 0.335625 0.873125 0.352500 0.890000
0 0.276875 0.829375 0.261875 0.814375 0.271250 0.805000 0.286250 0.820000
0 0.380000 0.917500 0.365625 0.903125 0.374375 0.894375 0.388750 0.908750
0 0.142788 0.739808 0.135865 0.729423 0.141635 0.725577 0.148558 0.735962
0 0.216250 0.767500 0.207500 0.758750 0.212500 0.753750 0.221250 0.762500
0 0.412866 0.930457 0.400549 0.915061 0.406646 0.910183 0.418963 0.925579
0 0.469466 0.992836 0.454638 0.976155 0.460922 0.970569 0.475750 0.987250
0 0.048125 0.569375 0.025000 0.546250 0.033750 0.537500 0.056875 0.560625
0 0.159500 0.780007 0.142502 0.759197 0.150657 0.752536 0.167654 0.773347
0 0.166986 0.772406 0.151558 0.752613 0.158242 0.747403 0.173670 0.767197
0 0.156417 0.788277 0.146064 0.774738 0.152003 0.770196 0.162356 0.783735
0 0.196063 0.818758 0.181871 0.807719 0.187162 0.800917 0.201354 0.811956
