0 0.745134 0.772954 0.691725 0.751972 0.698258 0.735342 0.751667 0.756325
0 0.423750 0.841250 0.387500 0.841250 0.387500 0.833750 0.423750 0.833750
0 0.818015 0.801691 0.753603 0.785588 0.758897 0.764412 0.823309 0.780515
0 0.414706 0.820074 0.413235 0.814191 0.424412 0.811397 0.425882 0.817279
0 0.875730 0.824507 0.820233 0.798609 0.828280 0.781364 0.883777 0.807263
0 0.322577 0.738115 0.320596 0.722269 0.359519 0.717404 0.361500 0.733250
0 0.371981 0.732096 0.370308 0.718712 0.411846 0.713519 0.413519 0.726904
0 0.945486 0.864404 0.894968 0.831373 0.903754 0.817935 0.954272 0.850966
0 0.471250 0.722500 0.428750 0.722500 0.428750 0.710000 0.471250 0.710000
0 0.998173 0.897115 0.953750 0.867500 0.964327 0.851635 1.000000 0.881250
0 0.760345 0.919612 0.736207 0.909267 0.739181 0.902328 0.763319 0.912673
0 0.604791 0.732927 0.568257 0.731100 0.568893 0.718382 0.605427 0.720209
0 0.679412 0.757353 0.620882 0.742721 0.625515 0.724191 0.684044 0.738824
0 0.000000 0.882500 0.000000 0.873199 0.022956 0.854824 0.028875 0.864125
0 0.130564 0.801174 0.127235 0.792137 0.155387 0.781765 0.158716 0.790802
0 0.190005 0.778762 0.184586 0.765305 0.227351 0.748084 0.232770 0.761541
0 0.548561 0.727963 0.516815 0.726731 0.517255 0.715389 0.549001 0.716621
