0 0.766600 0.020050 0.757000 0.007250 0.762800 0.002900 0.772400 0.015700
0 0.778250 0.026500 0.766750 0.003500 0.780250 0.000000 0.791750 0.019750
0 0.969250 0.204750 0.960000 0.186250 0.968000 0.182250 0.977250 0.200750
0 0.794810 0.215553 0.778390 0.187638 0.787786 0.182111 0.804206 0.210026
0 0.988378 0.603480 0.980270 0.602128 0.983480 0.582872 0.991588 0.584223
0 0.814607 0.093371 0.804143 0.076629 0.813357 0.070871 0.823820 0.087612
0 0.844412 0.163897 0.838456 0.140074 0.849044 0.137427 0.855000 0.161250
0 0.843250 0.099000 0.833000 0.078500 0.843000 0.073500 0.853250 0.094000
0 0.865000 0.148750 0.856750 0.132250 0.863750 0.128750 0.872000 0.145250
0 0.965086 0.171466 0.957586 0.152716 0.967500 0.148750 0.975000 0.167500
0 0.886978 0.161643 0.877957 0.138189 0.888260 0.134227 0.897281 0.157680
0 0.893835 0.216018 0.883299 0.193189 0.892177 0.189091 0.902713 0.211921
0 0.825000 0.052500 0.814500 0.031500 0.822500 0.027500 0.833000 0.048500
0 0.876627 0.025071 0.872288 0.009882 0.881038 0.007382 0.885377 0.022571
0 0.790750 0.309000 0.763750 0.255000 0.779250 0.247250 0.806250 0.301250
0 0.998730 0.615225 0.981937 0.613699 0.982633 0.606035 0.999426 0.607561
0 0.868250 0.429000 0.843500 0.379500 0.859500 0.371500 0.884250 0.421000
0 0.906000 0.129500 0.897750 0.113000 0.906750 0.108500 0.915000 0.125000
0 0.857000 0.086500 0.848500 0.069500 0.859500 0.064000 0.868000 0.081000
0 0.921500 0.119250 0.914000 0.104250 0.924500 0.099000 0.932000 0.114000
0 0.955625 0.216875 0.941250 0.202500 0.946250 0.197500 0.960625 0.211875
0 0.949375 0.225625 0.928125 0.204375 0.935000 0.197500 0.956250 0.218750
0 0.849750 0.028250 0.838500 0.005750 0.846000 0.002000 0.857250 0.024500
0 0.839375 0.033125 0.827500 0.021250 0.834375 0.014375 0.846250 0.026250
0 0.948375 0.580125 0.942500 0.562500 0.949250 0.560250 0.955125 0.577875
0 0.973750 0.546250 0.962500 0.535000 0.967500 0.530000 0.978750 0.541250
0 0.900750 0.147750 0.893250 0.132750 0.900750 0.129000 0.908250 0.144000
0 0.912750 0.201750 0.903250 0.182750 0.914250 0.177250 0.923750 0.196250
0 0.925125 0.152875 0.919000 0.134500 0.926500 0.132000 0.932625 0.150375
0 0.810500 0.022250 0.800750 0.002750 0.810750 0.000000 0.820500 0.017250
0 0.886250 0.046250 0.873750 0.046250 0.873750 0.027500 0.886250 0.027500
0 0.869500 0.065250 0.860500 0.047250 0.868000 0.043500 0.877000 0.061500
0 0.887103 0.480666 0.870513 0.445827 0.881091 0.440790 0.897680 0.475629
0 0.897250 0.473250 0.889000 0.456750 0.897500 0.452500 0.905750 0.469000
0 0.865577 0.115865 0.854615 0.099423 0.860673 0.095385 0.871635 0.111827
0 0.874875 0.172125 0.867375 0.149625 0.876375 0.146625 0.883875 0.169125
0 0.831250 0.136250 0.820250 0.114250 0.828250 0.110250 0.839250 0.132250
0 0.933879 0.141552 0.927931 0.127672 0.935022 0.124634 0.940970 0.138513
0 0.934175 0.192736 0.927807 0.170448 0.940519 0.166816 0.946887 0.189104
0 0.915769 0.173654 0.905385 0.158077 0.914327 0.152115 0.924712 0.167692
0 0.954480 0.185169 0.944017 0.168427 0.951433 0.163792 0.961896 0.180534
0 0.651618 0.063529 0.642243 0.047904 0.650331 0.043051 0.659706 0.058676
0 0.847280 0.070693 0.833767 0.051774 0.840625 0.046875 0.854138 0.065794
0 0.826750 0.071500 0.813550 0.053900 0.823350 0.046550 0.836550 0.064150
0 0.930503 0.568277 0.927546 0.541662 0.939344 0.540351 0.942302 0.566966
0 0.841250 0.127500 0.828750 0.102500 0.843750 0.095000 0.856250 0.120000
0 0.906875 0.088125 0.890625 0.071875 0.897500 0.065000 0.913750 0.081250
0 0.930250 0.228000 0.921500 0.210500 0.931000 0.205750 0.939750 0.223250
0 0.741250 0.005000 0.720000 0.005000 0.720000 0.000000 0.741250 0.000000
0 0.896354 0.187646 0.886378 0.169215 0.894735 0.164692 0.904711 0.183122
0 0.949923 0.160885 0.938519 0.143779 0.946798 0.138260 0.958202 0.155365
0 0.885064 0.133691 0.872147 0.112494 0.879537 0.107991 0.892454 0.129188
0 0.876028 0.134306 0.867131 0.119120 0.873683 0.115282 0.882579 0.130467
0 0.805787 0.042513 0.790779 0.025182 0.797342 0.019499 0.812350 0.036830
0 0.799324 0.048621 0.785177 0.032298 0.791689 0.026654 0.805836 0.042977
