0 0.941073 0.785259 0.939025 0.768063 0.998715 0.760957 1.000000 0.778153
0 0.144817 0.435127 0.135358 0.429968 0.146107 0.410263 0.155565 0.415422
0 0.483989 0.604368 0.479270 0.583918 0.560702 0.565126 0.565421 0.585576
0 0.401250 0.865000 0.356250 0.865000 0.356250 0.852500 0.401250 0.852500
0 0.811048 0.989562 0.808137 0.974284 0.846909 0.966898 0.849819 0.982177
0 0.927574 0.457372 0.924922 0.435098 0.995852 0.426654 0.998503 0.448928
0 0.018750 0.246250 0.000000 0.246250 0.000000 0.235000 0.018750 0.235000
0 0.765619 0.140961 0.764221 0.121856 0.829603 0.117072 0.831001 0.136177
0 0.000721 0.458606 0.000000 0.441058 0.059712 0.428558 0.063221 0.446106
0 0.877146 0.184363 0.869481 0.170566 0.928066 0.138019 0.935731 0.151816
0 0.228938 1.000000 0.225941 0.987011 0.296693 0.973206 0.299690 0.988567
