0 0.072279 0.152868 0.057721 0.094632 0.083309 0.088235 0.097868 0.146471
0 0.023498 0.060807 0.018371 0.000997 0.046947 0.000000 0.052074 0.058358
0 0.137500 0.455000 0.095000 0.455000 0.095000 0.233750 0.137500 0.233750
0 0.131250 0.552500 0.091250 0.552500 0.091250 0.456250 0.131250 0.456250
0 0.135215 0.430405 0.132235 0.165157 0.182383 0.164594 0.185363 0.429841
0 0.185142 0.447809 0.182427 0.130225 0.233983 0.129784 0.236698 0.447368
0 0.236078 0.254854 0.219556 0.051868 0.264794 0.048185 0.281316 0.251172
0 0.090363 0.561406 0.034056 0.560422 0.039504 0.248751 0.095812 0.249736
0 0.279933 0.224959 0.274119 0.148931 0.308127 0.146331 0.313941 0.222359
0 0.499333 0.393631 0.433192 0.392018 0.437453 0.217349 0.503593 0.218962
