0 0.222123 0.517571 0.200165 0.511297 0.202712 0.502382 0.224670 0.508656
0 0.622500 0.745000 0.579375 0.701875 0.595000 0.686250 0.638125 0.729375
0 0.267500 0.535000 0.225000 0.535000 0.225000 0.512500 0.267500 0.512500
0 0.691321 0.806383 0.646491 0.763912 0.657330 0.752471 0.702161 0.794942
0 0.322404 0.563269 0.265288 0.547692 0.271087 0.526433 0.328202 0.542010
0 0.734301 0.853778 0.688926 0.811893 0.702201 0.797512 0.747576 0.839397
0 0.389101 0.586456 0.324025 0.572755 0.328932 0.549446 0.394009 0.563147
0 0.755113 0.895933 0.735286 0.854075 0.751459 0.846414 0.771287 0.888272
0 0.604044 0.991670 0.593649 0.976821 0.601032 0.971653 0.611426 0.986502
0 0.613750 0.987500 0.601875 0.975625 0.606250 0.971250 0.618125 0.983125
0 0.676060 0.911776 0.656509 0.894397 0.664233 0.885707 0.683784 0.903086
0 0.018750 0.476250 0.000000 0.476250 0.000000 0.467500 0.018750 0.467500
0 0.061250 0.483750 0.022500 0.483750 0.022500 0.467500 0.061250 0.467500
0 0.802064 0.970576 0.768527 0.918747 0.781381 0.910430 0.814918 0.962259
0 0.450121 0.627565 0.394510 0.597443 0.404653 0.578718 0.460263 0.608841
0 0.820478 1.000000 0.801798 0.976376 0.814607 0.968371 0.833287 0.998259
0 0.103750 0.487500 0.064926 0.477794 0.067206 0.468676 0.106029 0.478382
0 0.193874 0.525287 0.116653 0.507804 0.122154 0.483507 0.199375 0.500991
0 0.512953 0.660220 0.461879 0.627963 0.469988 0.615124 0.521062 0.647381
0 0.576011 0.695632 0.537247 0.671404 0.544410 0.659944 0.583174 0.684171
0 0.573537 0.955671 0.561951 0.941189 0.569878 0.934848 0.581464 0.949329
0 0.587750 0.969250 0.579500 0.952750 0.588500 0.948250 0.596750 0.964750
