0 0.034966 0.683953 0.023480 0.667872 0.029392 0.663649 0.040878 0.679730
0 0.056250 0.821250 0.045000 0.821250 0.045000 0.801250 0.056250 0.801250
0 0.082500 0.817500 0.075000 0.817500 0.075000 0.797500 0.082500 0.797500
0 0.051250 0.917500 0.043750 0.917500 0.043750 0.896250 0.051250 0.896250
0 0.032683 0.851646 0.030320 0.830381 0.038415 0.829482 0.040777 0.850747
0 0.069122 0.857029 0.063392 0.832198 0.071426 0.830344 0.077156 0.855175
0 0.138702 0.977260 0.130385 0.935673 0.146250 0.932500 0.154567 0.974087
0 0.136250 0.878750 0.112500 0.878750 0.112500 0.870000 0.136250 0.870000
0 0.091250 0.995000 0.082500 0.995000 0.082500 0.967500 0.091250 0.967500
0 0.101622 0.722230 0.098649 0.704392 0.106959 0.703007 0.109932 0.720845
0 0.081250 0.995000 0.072500 0.995000 0.072500 0.973750 0.081250 0.973750
0 0.128750 0.773750 0.120000 0.773750 0.120000 0.746250 0.128750 0.746250
0 0.072452 0.919760 0.068462 0.899808 0.075433 0.898414 0.079423 0.918365
0 0.042500 0.948750 0.036250 0.948750 0.036250 0.925000 0.042500 0.925000
0 0.033302 0.707807 0.028208 0.689976 0.036958 0.687476 0.042052 0.705307
0 0.011043 0.764866 0.006104 0.741817 0.014213 0.740079 0.019152 0.763128
0 0.038750 0.886250 0.030000 0.886250 0.030000 0.861250 0.038750 0.861250
0 0.076555 0.889264 0.073972 0.853109 0.084810 0.852335 0.087392 0.888490
0 0.081250 0.953750 0.075000 0.953750 0.075000 0.933750 0.081250 0.933750
0 0.101486 0.932592 0.098668 0.901598 0.104867 0.901035 0.107684 0.932029
0 0.068750 0.751250 0.061250 0.751250 0.061250 0.732500 0.068750 0.732500
0 0.030250 0.794250 0.027050 0.771850 0.034225 0.770825 0.037425 0.793225
0 0.082895 0.678513 0.060312 0.631609 0.072038 0.625963 0.094621 0.672867
0 0.010600 0.550800 0.000000 0.529000 0.002650 0.522700 0.019000 0.544500
0 0.137500 0.798750 0.127500 0.798750 0.127500 0.773750 0.137500 0.773750
0 0.135000 0.837500 0.118750 0.837500 0.118750 0.801250 0.135000 0.801250
0 0.079632 0.702279 0.075441 0.685515 0.081912 0.683897 0.086103 0.700662
0 0.091000 0.700750 0.082750 0.684250 0.090250 0.680500 0.098500 0.697000
0 0.133150 0.872050 0.128650 0.840550 0.141950 0.838650 0.146450 0.870150
0 0.131250 0.868750 0.111250 0.868750 0.111250 0.862500 0.131250 0.862500
0 0.032193 0.990386 0.024952 0.989962 0.026401 0.965165 0.033642 0.965588
