0 0.000147 0.179338 0.000000 0.154927 0.039632 0.143529 0.045735 0.167941
0 0.000125 0.100375 0.000000 0.078250 0.020875 0.068875 0.028250 0.091000
0 0.000075 0.210525 0.000000 0.183925 0.030575 0.179025 0.034375 0.205625
0 0.000662 0.127647 0.000000 0.105588 0.046029 0.092868 0.051544 0.114926
0 0.635947 1.000000 0.536038 0.838522 0.574238 0.817447 0.674146 0.998531
0 0.000101 0.144358 0.000000 0.124696 0.053378 0.115270 0.056655 0.134932
0 0.039932 0.438345 0.035608 0.412399 0.119527 0.398412 0.123851 0.424358
0 0.025250 0.631750 0.020000 0.621250 0.082500 0.590000 0.087750 0.600500
0 0.027972 0.649522 0.020481 0.634775 0.107196 0.590730 0.114687 0.605477
0 0.043031 0.409325 0.040268 0.390382 0.111787 0.379952 0.114550 0.398895
0 0.033935 0.662986 0.026922 0.646264 0.116214 0.608819 0.123226 0.625541
0 0.045977 0.673532 0.041080 0.653943 0.116994 0.634965 0.121891 0.654554
