0 0.309242 0.385410 0.283176 0.363688 0.290963 0.354344 0.317029 0.376066
0 0.148125 0.681875 0.133750 0.667500 0.140000 0.661250 0.154375 0.675625
0 0.182400 0.759450 0.173250 0.747250 0.192450 0.732850 0.201600 0.745050
0 0.695000 0.622500 0.674375 0.601875 0.680625 0.595625 0.701250 0.616250
0 0.587357 0.749672 0.567439 0.733074 0.572869 0.726557 0.592787 0.743156
0 0.226750 0.784750 0.221500 0.774250 0.240500 0.764750 0.245750 0.775250
0 0.130000 0.183750 0.105625 0.159375 0.116250 0.148750 0.140625 0.173125
0 0.676250 0.752500 0.658750 0.735000 0.664375 0.729375 0.681875 0.746875
0 0.479500 0.582250 0.460500 0.572750 0.464000 0.565750 0.483000 0.575250
0 0.888125 0.674375 0.876250 0.662500 0.880625 0.658125 0.892500 0.670000
0 0.132500 0.373750 0.117500 0.358750 0.124375 0.351875 0.139375 0.366875
0 0.081603 0.666491 0.062845 0.645388 0.071845 0.637388 0.090603 0.658491
0 0.360435 0.962530 0.352111 0.957303 0.361605 0.942183 0.369929 0.947410
