0 0.119650 0.927550 0.113450 0.922900 0.125900 0.906300 0.132100 0.910950
0 0.675000 0.478750 0.641250 0.478750 0.641250 0.472500 0.675000 0.472500
0 0.387345 0.565818 0.382601 0.556858 0.409307 0.542720 0.414051 0.551679
0 0.208129 0.882315 0.198062 0.875268 0.211980 0.855386 0.222047 0.862433
0 0.972123 0.517571 0.950165 0.511297 0.952712 0.502382 0.974670 0.508656
0 0.998750 0.535000 0.975000 0.535000 0.975000 0.512500 0.998750 0.512500
0 0.057548 0.840919 0.050228 0.834330 0.079876 0.801388 0.087196 0.807977
0 0.439011 0.540334 0.433848 0.528023 0.485184 0.506496 0.490346 0.518806
0 0.719482 0.482165 0.680793 0.477866 0.681875 0.468125 0.720564 0.472424
0 0.581149 0.501892 0.578345 0.485068 0.615237 0.478919 0.618041 0.495743
0 0.500838 0.520527 0.496516 0.506897 0.562476 0.485983 0.566798 0.499613
0 0.028125 0.869375 0.021875 0.863125 0.038125 0.846875 0.044375 0.853125
0 0.297896 0.626433 0.291677 0.618659 0.309360 0.604512 0.315579 0.612287
0 0.323250 0.605250 0.315750 0.590250 0.375750 0.560250 0.383250 0.575250
0 0.140030 0.750274 0.131799 0.743689 0.146921 0.724787 0.155152 0.731372
0 0.190625 0.848125 0.185000 0.842500 0.195000 0.832500 0.200625 0.838125
0 0.158750 0.730000 0.150625 0.721875 0.168125 0.704375 0.176250 0.712500
0 0.167900 0.866550 0.161300 0.861600 0.172400 0.846800 0.179000 0.851750
0 0.596250 0.603750 0.578750 0.603750 0.578750 0.596250 0.596250 0.596250
0 0.768750 0.476250 0.722500 0.476250 0.722500 0.467500 0.768750 0.467500
0 0.679321 0.605665 0.648042 0.600853 0.649487 0.591459 0.680766 0.596272
0 0.811250 0.483750 0.772500 0.483750 0.772500 0.467500 0.811250 0.467500
0 0.000252 0.923926 0.000000 0.916527 0.014874 0.880537 0.025445 0.887936
0 0.209850 0.691050 0.204900 0.684450 0.222900 0.670950 0.227850 0.677550
0 0.628213 0.498022 0.626897 0.480912 0.668000 0.477750 0.669316 0.494860
0 0.853750 0.487500 0.814927 0.477794 0.817206 0.468677 0.856030 0.478382
0 0.685204 0.489919 0.684673 0.480365 0.722265 0.478277 0.722796 0.487831
0 0.943874 0.525287 0.866653 0.507804 0.872154 0.483507 0.949375 0.500991
0 0.075119 0.999361 0.067290 0.996515 0.074735 0.976040 0.082564 0.978887
0 0.303750 0.632500 0.298750 0.627500 0.311250 0.615000 0.316250 0.620000
0 0.330000 0.612500 0.326250 0.605000 0.341250 0.597500 0.345000 0.605000
0 0.124904 0.772019 0.118846 0.767981 0.130577 0.750385 0.136635 0.754423
