0 0.156605 0.712569 0.150704 0.683720 0.315949 0.649919 0.321851 0.678769
0 0.265334 0.706217 0.261489 0.688093 0.341597 0.671101 0.345442 0.689224
0 0.548692 0.746470 0.541506 0.711978 0.762987 0.665836 0.770173 0.700329
0 0.407132 0.764779 0.401544 0.742427 0.498897 0.718088 0.504485 0.740441
0 0.000640 0.854238 0.000000 0.825470 0.090427 0.804909 0.096591 0.833677
0 0.000101 0.879358 0.000000 0.852804 0.101486 0.835169 0.105912 0.861723
0 0.736177 0.344706 0.724338 0.297353 0.742279 0.292868 0.754118 0.340221
0 0.750209 0.431381 0.738013 0.378026 0.756104 0.373891 0.768299 0.427246
0 0.892125 0.421375 0.884750 0.399250 0.952250 0.376750 0.959625 0.398875
0 0.810322 0.588070 0.789147 0.479371 0.821632 0.473042 0.842807 0.581742
0 0.114003 0.835162 0.107414 0.804856 0.364244 0.749023 0.370833 0.779330
0 0.497404 0.470769 0.492115 0.444327 0.642837 0.414183 0.648125 0.440625
0 0.057719 0.577860 0.048121 0.533879 0.414655 0.453886 0.424253 0.497868
0 0.089771 0.684374 0.080690 0.641736 0.451737 0.562717 0.460818 0.605355
0 0.630567 0.093204 0.580582 0.064546 0.588863 0.050102 0.638848 0.078760
0 0.618864 0.105669 0.572739 0.080204 0.580867 0.065481 0.626992 0.090946
0 0.688522 0.132940 0.633073 0.109222 0.640497 0.091868 0.695946 0.115586
