0 0.208500 1.000000 0.203000 0.992250 0.212000 0.987750 0.217500 0.998750
0 0.239875 0.693375 0.232000 0.669750 0.240250 0.667000 0.248125 0.690625
0 0.284966 0.683953 0.273480 0.667872 0.279392 0.663649 0.290878 0.679730
0 0.306250 0.821250 0.295000 0.821250 0.295000 0.801250 0.306250 0.801250
0 0.332500 0.817500 0.325000 0.817500 0.325000 0.797500 0.332500 0.797500
0 0.301250 0.917500 0.293750 0.917500 0.293750 0.896250 0.301250 0.896250
0 0.239338 0.732353 0.233382 0.708529 0.242500 0.706250 0.248456 0.730074
0 0.282683 0.851646 0.280320 0.830381 0.288415 0.829482 0.290777 0.850747
0 0.319122 0.857029 0.313392 0.832198 0.321426 0.830344 0.327156 0.855175
0 0.003904 0.145411 0.000000 0.109795 0.006986 0.103630 0.020342 0.139247
0 0.123537 0.628171 0.111829 0.613537 0.117774 0.608781 0.129482 0.623415
0 0.388702 0.977260 0.380385 0.935673 0.396250 0.932500 0.404567 0.974087
0 0.129276 0.622865 0.113236 0.603261 0.119635 0.598026 0.135675 0.617630
0 0.147332 0.398640 0.115233 0.343614 0.134508 0.332370 0.166606 0.387396
0 0.188673 0.458615 0.154750 0.399250 0.170769 0.390096 0.204692 0.449462
0 0.386250 0.878750 0.362500 0.878750 0.362500 0.870000 0.386250 0.870000
0 0.341250 0.995000 0.332500 0.995000 0.332500 0.967500 0.341250 0.967500
0 0.007500 0.445000 0.000000 0.445000 0.000000 0.425000 0.007500 0.425000
0 0.087750 0.540500 0.079250 0.523500 0.088250 0.519000 0.096750 0.536000
0 0.010000 0.465000 0.001000 0.447000 0.008500 0.443250 0.017500 0.461250
0 0.073000 0.549750 0.064500 0.532750 0.073000 0.528500 0.081500 0.545500
0 0.157890 0.865883 0.146674 0.828498 0.158142 0.825057 0.169358 0.862443
0 0.137200 0.620850 0.121900 0.600450 0.131900 0.592950 0.147200 0.613350
0 0.193125 0.920625 0.172500 0.900000 0.181250 0.891250 0.201875 0.911875
0 0.149500 0.616000 0.132400 0.593200 0.138800 0.588400 0.155900 0.611200
0 0.216038 0.507992 0.184754 0.468019 0.201808 0.454672 0.233092 0.494645
0 0.351622 0.722230 0.348649 0.704392 0.356959 0.703007 0.359932 0.720845
0 0.331250 0.995000 0.322500 0.995000 0.322500 0.973750 0.331250 0.973750
0 0.378750 0.773750 0.370000 0.773750 0.370000 0.746250 0.378750 0.746250
0 0.047582 0.439098 0.031291 0.419549 0.037439 0.414426 0.053730 0.433975
0 0.097381 0.576861 0.088732 0.553075 0.096661 0.550192 0.105310 0.573978
0 0.074052 0.463289 0.060721 0.444245 0.067768 0.439312 0.081099 0.458356
0 0.087750 0.600500 0.077750 0.580500 0.088250 0.575250 0.098250 0.595250
0 0.322452 0.919760 0.318462 0.899808 0.325433 0.898413 0.329423 0.918365
0 0.292500 0.948750 0.286250 0.948750 0.286250 0.925000 0.292500 0.925000
0 0.216500 0.643000 0.205250 0.620500 0.213750 0.616250 0.225000 0.638750
0 0.283302 0.707807 0.278208 0.689976 0.286958 0.687476 0.292052 0.705307
0 0.166250 0.686250 0.155750 0.665250 0.166250 0.660000 0.176750 0.681000
0 0.261043 0.764866 0.256104 0.741817 0.264213 0.740079 0.269152 0.763128
0 0.288750 0.886250 0.280000 0.886250 0.280000 0.861250 0.288750 0.861250
0 0.052064 0.220576 0.018527 0.168747 0.031381 0.160430 0.064918 0.212259
0 0.326555 0.889264 0.323972 0.853109 0.334810 0.852335 0.337392 0.888490
0 0.081503 0.282654 0.047865 0.228834 0.064607 0.218371 0.098244 0.272191
0 0.331250 0.953750 0.325000 0.953750 0.325000 0.933750 0.331250 0.933750
0 0.351486 0.932592 0.348668 0.901598 0.354867 0.901035 0.357684 0.932029
0 0.243919 0.666014 0.239730 0.640878 0.249459 0.639257 0.253649 0.664392
0 0.318750 0.751250 0.311250 0.751250 0.311250 0.732500 0.318750 0.732500
0 0.159500 0.729750 0.150750 0.703500 0.161250 0.700000 0.170000 0.726250
0 0.280250 0.794250 0.277050 0.771850 0.284225 0.770825 0.287425 0.793225
0 0.117891 0.338024 0.089411 0.282844 0.102371 0.276155 0.130850 0.331335
0 0.332895 0.678513 0.310312 0.631609 0.322038 0.625963 0.344621 0.672867
0 0.260600 0.550800 0.243500 0.528000 0.251900 0.521700 0.269000 0.544500
0 0.387500 0.798750 0.377500 0.798750 0.377500 0.773750 0.387500 0.773750
0 0.385000 0.837500 0.368750 0.837500 0.368750 0.801250 0.385000 0.801250
0 0.093750 0.525000 0.085500 0.508500 0.094000 0.504250 0.102250 0.520750
0 0.080625 0.651875 0.068547 0.634966 0.075878 0.629730 0.087956 0.646638
0 0.107158 0.665762 0.090277 0.630465 0.096823 0.627335 0.113704 0.662631
0 0.032104 0.493567 0.020518 0.479085 0.026463 0.474329 0.038049 0.488811
0 0.329632 0.702279 0.325441 0.685515 0.331912 0.683897 0.336103 0.700662
0 0.023537 0.500671 0.010366 0.484207 0.018902 0.477378 0.032073 0.493841
0 0.341000 0.700750 0.332750 0.684250 0.340250 0.680500 0.348500 0.697000
0 0.383150 0.872050 0.378650 0.840550 0.391950 0.838650 0.396450 0.870150
0 0.381250 0.868750 0.361250 0.868750 0.361250 0.862500 0.381250 0.862500
0 0.066538 0.519808 0.055192 0.502788 0.067308 0.494711 0.078654 0.511731
0 0.133108 0.691351 0.119257 0.671959 0.125287 0.667652 0.139139 0.687044
0 0.010000 0.482500 0.000000 0.482500 0.000000 0.466250 0.010000 0.466250
0 0.046250 0.532500 0.036250 0.522500 0.041250 0.517500 0.051250 0.527500
0 0.282831 0.990168 0.275398 0.989994 0.275969 0.965650 0.283402 0.965824
