0 0.700147 0.238088 0.691140 0.232684 0.708456 0.203824 0.717463 0.209228
0 0.741917 0.186408 0.730466 0.178511 0.763142 0.131132 0.774592 0.139029
0 0.806771 0.091555 0.800010 0.085277 0.830730 0.052195 0.837490 0.058473
0 0.957394 0.132279 0.948221 0.125144 0.962625 0.106625 0.971798 0.113760
0 0.780500 0.276500 0.774500 0.273500 0.784000 0.254500 0.790000 0.257500
0 0.242500 0.988750 0.226250 0.988750 0.226250 0.981250 0.242500 0.981250
0 0.779181 0.120221 0.772279 0.114181 0.787533 0.096748 0.794436 0.102788
0 0.800000 0.275000 0.794519 0.271346 0.803558 0.257788 0.809038 0.261442
0 0.205000 0.790000 0.193750 0.790000 0.193750 0.786250 0.205000 0.786250
0 0.823750 0.248750 0.816250 0.245000 0.825500 0.226500 0.833000 0.230250
0 0.227500 0.783750 0.216250 0.783750 0.216250 0.780000 0.227500 0.780000
0 0.869375 0.176875 0.863125 0.170625 0.876875 0.156875 0.883125 0.163125
0 0.603500 0.434250 0.595000 0.430000 0.605000 0.410000 0.613500 0.414250
0 0.875250 0.021750 0.868650 0.016800 0.881400 0.000000 0.888000 0.004750
0 0.626875 0.391875 0.618051 0.386581 0.628419 0.369301 0.637243 0.374596
0 0.020593 0.773633 0.001040 0.766666 0.003239 0.760497 0.022791 0.767464
0 0.054669 0.762644 0.033755 0.754982 0.035987 0.748891 0.056900 0.756552
0 0.918804 0.118798 0.911155 0.112887 0.923974 0.096298 0.931623 0.102209
0 0.940315 0.100087 0.935221 0.096037 0.946252 0.082164 0.951346 0.086215
