0 0.430421 0.418477 0.321269 0.198567 0.375910 0.171446 0.485062 0.391356
0 0.145147 0.347529 0.108506 0.215623 0.143578 0.205881 0.180219 0.337787
0 0.469054 0.908456 0.343476 0.560263 0.416607 0.533888 0.542185 0.882081
0 0.177125 0.431375 0.149875 0.349625 0.178375 0.340125 0.205625 0.421875
0 0.096339 0.203804 0.054691 0.032007 0.107497 0.019205 0.149145 0.191003
0 0.154904 0.195769 0.119663 0.019567 0.174471 0.008606 0.209712 0.184808
0 0.096341 0.324177 0.071701 0.209189 0.103287 0.202421 0.127927 0.317409
0 0.174865 0.310173 0.165231 0.233096 0.194615 0.229423 0.204250 0.306500
0 0.041729 0.199876 0.007304 0.055053 0.054589 0.043813 0.089014 0.188636
0 0.203718 0.389340 0.191818 0.315651 0.222203 0.310745 0.234103 0.384433
0 0.507918 0.318605 0.472290 0.251644 0.491458 0.241446 0.527086 0.308406
