0 0.547095 0.221862 0.526767 0.203793 0.534284 0.195336 0.554612 0.213405
0 0.186250 0.816250 0.162500 0.792500 0.176875 0.778125 0.200625 0.801875
0 0.557450 0.213400 0.535450 0.196900 0.541000 0.189500 0.563000 0.206000
0 0.566750 0.205250 0.542750 0.193250 0.547500 0.183750 0.571500 0.195750
0 0.254500 0.922750 0.212500 0.908750 0.216875 0.895625 0.258875 0.909625
0 0.075793 0.645366 0.035732 0.640915 0.037149 0.628156 0.077210 0.632607
0 0.791250 0.008750 0.748750 0.008750 0.748750 0.000000 0.791250 0.000000
0 0.035500 0.937250 0.019192 0.935212 0.024846 0.889981 0.041154 0.892019
0 0.047250 0.924250 0.034750 0.918000 0.044500 0.898500 0.057000 0.904750
0 0.026595 0.725388 0.025543 0.712767 0.064647 0.709509 0.065698 0.722129
