0 0.797500 0.195000 0.748750 0.195000 0.748750 0.175000 0.797500 0.175000
0 0.959633 0.153529 0.953383 0.128529 0.996324 0.117794 1.000000 0.142794
0 0.133344 0.225565 0.131986 0.206555 0.176047 0.203407 0.177405 0.222418
0 0.406250 0.077500 0.360000 0.077500 0.360000 0.065000 0.406250 0.065000
0 0.238025 0.121175 0.236600 0.111200 0.264250 0.107250 0.265675 0.117225
0 0.040625 0.406875 0.028750 0.395000 0.060000 0.363750 0.071875 0.375625
0 0.194507 0.514682 0.193335 0.484199 0.303460 0.479963 0.304633 0.510447
0 0.770365 0.033327 0.726519 0.027846 0.728308 0.013538 0.772154 0.019019
0 0.499841 0.290709 0.400860 0.287174 0.401592 0.266664 0.500573 0.270199
0 0.188750 0.063750 0.168750 0.063750 0.168750 0.057500 0.188750 0.057500
0 0.416938 0.639150 0.411897 0.606891 0.516873 0.590489 0.521914 0.622748
0 0.091745 0.141201 0.090705 0.130804 0.118428 0.128032 0.119468 0.138428
0 0.085882 0.074779 0.082794 0.062426 0.115147 0.054338 0.118235 0.066691
0 0.778356 0.669947 0.776766 0.644499 0.882991 0.637860 0.884582 0.663307
0 0.050000 0.008750 0.008750 0.008750 0.008750 0.000000 0.050000 0.000000
