0 0.698971 0.914632 0.688309 0.871985 0.704779 0.867868 0.715441 0.910515
0 0.625000 0.773750 0.612500 0.773750 0.612500 0.741250 0.625000 0.741250
0 0.924342 0.911042 0.903712 0.871370 0.925949 0.859806 0.946579 0.899479
0 0.479567 0.697714 0.423248 0.671433 0.431487 0.653777 0.487806 0.680059
0 0.857115 0.473173 0.830962 0.433942 0.844808 0.424711 0.870962 0.463942
0 0.556250 0.031250 0.543125 0.018125 0.548750 0.012500 0.561875 0.025625
0 0.949945 0.739580 0.932445 0.719580 0.940321 0.712688 0.957821 0.732688
0 0.608000 0.042750 0.591000 0.034250 0.595500 0.025250 0.612500 0.033750
0 0.374200 0.023150 0.351800 0.006350 0.357950 0.000000 0.380350 0.014950
0 0.526643 0.889258 0.523103 0.839689 0.550819 0.837709 0.554359 0.887278
0 0.834250 0.687250 0.813500 0.645750 0.827000 0.639000 0.847750 0.680500
0 0.635534 0.573630 0.592860 0.546603 0.602955 0.530663 0.645629 0.557690
0 0.770521 0.521722 0.737950 0.496815 0.746324 0.485865 0.778895 0.510772
0 0.478600 0.057700 0.460600 0.044200 0.466750 0.036000 0.484750 0.049500
0 0.519500 0.024750 0.500500 0.015250 0.505250 0.005750 0.524250 0.015250
0 0.610000 0.006250 0.596250 0.006250 0.596250 0.000000 0.610000 0.000000
