0 0.963750 0.201250 0.938750 0.201250 0.938750 0.187500 0.963750 0.187500
0 0.840845 0.115068 0.838953 0.103716 0.865507 0.099291 0.867399 0.110642
0 0.998750 0.867500 0.967500 0.867500 0.967500 0.853750 0.998750 0.853750
0 0.174978 0.334234 0.168577 0.292623 0.185954 0.289949 0.192355 0.331561
0 0.295000 0.998750 0.290000 0.998750 0.290000 0.998750 0.295000 0.998750
0 0.756250 0.308750 0.712500 0.308750 0.712500 0.287500 0.756250 0.287500
0 0.573664 0.434784 0.568577 0.422069 0.598965 0.409914 0.604052 0.422629
0 0.765929 0.194346 0.761112 0.178291 0.791961 0.169037 0.796778 0.185092
0 0.884118 0.333529 0.866765 0.329191 0.868971 0.320368 0.886324 0.324706
0 0.608241 1.000000 0.601011 0.995690 0.657369 0.968273 0.664599 0.983134
0 0.998750 0.587500 0.992500 0.587500 0.992500 0.575000 0.998750 0.575000
0 0.786269 0.909911 0.770260 0.897237 0.798826 0.861154 0.814835 0.873827
0 0.549543 0.795366 0.541982 0.785915 0.562104 0.769817 0.569665 0.779268
0 0.283362 0.899095 0.276379 0.882802 0.311379 0.867802 0.318362 0.884095
0 0.236481 0.733154 0.225865 0.731827 0.229154 0.705519 0.239769 0.706846
0 0.839071 0.761301 0.829020 0.754122 0.846841 0.729172 0.856892 0.736351
0 0.251154 0.512019 0.241923 0.505865 0.254038 0.487692 0.263269 0.493846
