0 0.570809 0.688015 0.523750 0.676250 0.528235 0.658309 0.575294 0.670074
0 0.631192 0.872962 0.624596 0.864481 0.644846 0.848731 0.651442 0.857212
0 0.617633 0.751088 0.579199 0.742219 0.581896 0.730534 0.620330 0.739403
0 0.640000 0.903750 0.635250 0.894250 0.661250 0.881250 0.666000 0.890750
0 0.674500 0.186500 0.669500 0.176500 0.697000 0.162750 0.702000 0.172750
0 0.082353 0.905662 0.049632 0.886029 0.056360 0.874816 0.089081 0.894449
0 0.649240 0.731835 0.612695 0.721087 0.615940 0.710056 0.652484 0.720804
0 0.647905 0.786318 0.614257 0.780709 0.616047 0.769966 0.649696 0.775574
0 0.846500 0.813000 0.842000 0.804000 0.867500 0.791250 0.872000 0.800250
0 0.795000 0.830000 0.777500 0.830000 0.777500 0.817500 0.795000 0.817500
0 0.746609 0.083589 0.737283 0.075959 0.751596 0.058465 0.760922 0.066095
0 0.836809 0.020235 0.829221 0.011382 0.852588 0.000000 0.860176 0.000206
0 0.794868 0.726220 0.788691 0.716515 0.809154 0.703493 0.815331 0.713198
0 0.753443 0.771619 0.744959 0.764549 0.757664 0.749303 0.766148 0.756373
0 0.734900 0.463639 0.730817 0.448940 0.786261 0.433539 0.790344 0.448238
0 0.596000 0.073000 0.586375 0.044125 0.598000 0.040250 0.607625 0.069125
0 0.447927 0.206435 0.388223 0.153015 0.407283 0.131713 0.466987 0.185133
0 0.028625 0.860375 0.000000 0.849000 0.000125 0.832125 0.034250 0.843500
0 0.677500 0.803750 0.651250 0.803750 0.651250 0.793750 0.677500 0.793750
0 0.703750 0.777500 0.675000 0.777500 0.675000 0.768750 0.703750 0.768750
0 0.210859 0.727217 0.167904 0.707529 0.180135 0.680843 0.223090 0.700531
0 0.280776 0.745128 0.240487 0.732866 0.246027 0.714661 0.286317 0.726923
0 0.698192 0.728038 0.696827 0.717115 0.734212 0.712442 0.735577 0.723365
0 0.837500 0.756250 0.832250 0.745750 0.848250 0.737750 0.853500 0.748250
0 0.838750 0.385000 0.832500 0.372500 0.879500 0.349000 0.885750 0.361500
0 0.613750 0.321250 0.585000 0.321250 0.585000 0.310000 0.613750 0.310000
0 0.690250 0.299250 0.685000 0.288750 0.712000 0.275250 0.717250 0.285750
0 0.899354 0.159317 0.893677 0.143909 0.923509 0.132918 0.929186 0.148326
0 0.811950 0.221150 0.800950 0.212900 0.816400 0.192300 0.827400 0.200550
